-14 36
-54 36
-63 22
-55 96
80 -59
52 -71
-42 30
41 82
-63 -91
45 44
3 15
-82 -67
56 97
-30 64
98 -3
15 57
-70 31
-70 -55
-51 -5
-21 -70
48 18
77 -90
-42 84
42 85
58 -98
72 -65
65 26
0 42
-18 -15
-85 84
-83 -21
-24 25
46 55
-86 2
32 -38
-51 11
16 -68
64 -68
-88 65
-74 -87
-25 -26
15 -41
-97 -65
-9 -66
-4 -98
94 -24
-96 -64
36 3
63 -50
45 -19
5 14
83 34
2 -57
-20 -87
91 -52
-28 52
85 -59
-20 -6
67 -53
-79 94
-50 99
-98 -39
-44 51
96 -73
52 62
-62 64
84 -96
-63 -68
37 -26
80 -2
-14 59
95 27
44 -53
-79 56
22 68
-75 -89
-6 -17
43 17
96 84
-29 88
28 43
-95 61
94 69
49 90
-42 -65
-44 30
6 -16
64 30
32 86
-30 31
49 97
8 -77
65 -64
20 -89
-10 -34
0 -76
45 26
86 -67
-21 35
91 26
46 -55
-81 14
-26 29
41 -96
-33 -34
-68 -100
-60 -33
84 59
-20 25
-28 27
-25 13
36 76
-48 -72
36 25
-24 73
36 -78
21 65
-20 0
90 -12
-55 -57
-91 -35
-69 -94
87 26
-86 73
-40 -34
-46 22
-39 -62
73 -30
-41 21
78 47
97 98
17 -83
33 26
68 -74
-100 94
-91 -19
-32 -25
51 -75
-39 -60
28 60
-70 -24
-45 -51
-19 65
-32 -18
-97 22
71 76
-25 -18
15 -45
-71 7
-20 -100
0 54
49 -87
9 43
-12 -85
-7 -94
20 15
-12 91
6 -99
10 -86
77 -15
81 6
-56 -30
56 -92
74 95
-3 63
32 64
-97 17
-55 40
69 -92
-41 -98
63 48
91 -13
48 -2
97 43
89 42
-77 80
-8 -88
39 -69
74 23
20 19
87 89
-99 -84
-52 -8
30 67
100 100
-55 53
31 -32
-9 -24
19 42
82 -76
98 -21
92 51
48 25
48 -9
-87 -98
44 -60
-60 40
63 -20
-51 12
-45 81
36 82
-46 -36
-100 0
-47 -71
44 8
-37 76
-47 -58
67 -37
-2 15
1 70
-78 36
30 41
91 -41
0 -21
7 -38
54 -17
78 -18
39 63
80 -12
2 -100
-15 -97
-97 0
26 45
1 0
53 -90
17 59
-85 -93
-38 86
19 -79
63 -86
-20 -4
-33 -18
-62 -62
26 34
-55 -63
-1 42
-57 4
16 96
47 3
57 90
84 -96
68 -68
8 -3
-10 -45
76 -50
67 -50
-72 65
63 10
52 -28
92 8
12 -12
69 92
59 62
-58 -97
-33 14
29 93
77 -94
36 -67
-42 20
94 -98
-35 -84
-7 94
40 -75
-92 -25
35 13
-12 -100
-7 81
17 66
-67 21
-26 53
58 -9
-84 -60
-8 39
-18 -64
13 -62
15 -20
13 -86
98 -66
68 81
-46 -28
-79 -9
-41 -95
-13 -97
7 -30
-60 -71
-84 97
25 -84
62 19
97 56
-22 -67
73 -22
-34 16
-33 -25
-73 -8
-20 48
-94 3
-21 40
60 -77
35 26
26 -1
-24 77
47 -2
41 -65
-9 -3
-10 -79
95 14
-96 97
-34 31
16 -63
55 68
-60 -30
75 -4
18 22
-28 -55
81 97
-96 -5
8 -71
-22 -63
94 -80
-84 -78
-68 -96
59 -2
39 -69
-51 -65
-11 32
-10 23
-68 0
67 7
92 -13
5 100
-44 -2
-12 -85
43 -32
3 52
-40 -74
-26 89
-50 2
-82 14
-46 20
-59 -90
16 -91
61 -3
67 -24
-22 5
-56 97
-71 51
-2 16
-21 -86
-64 -42
5 44
66 71
-100 50
-71 -52
-6 -31
-18 39
-31 61
-45 -92
53 11
73 100
-34 -16
30 99
96 -99
-31 48
58 4
67 -58
77 84
-84 -80
62 78
57 3
-17 -3
-55 -89
-86 60
-42 -91
-86 98
35 -58
-34 -26
-81 70
-70 7
65 -53
-96 51
-59 71
44 97
85 -27
-70 -40
18 -49
-41 10
72 -95
-96 -82
19 -6
-25 -20
-58 79
34 37
-42 -90
-47 -26
-74 -9
81 -68
21 69
-9 50
-5 35
75 96
21 2
-74 39
-1 94
-98 50
98 -33
-43 -33
-5 41
-54 12
-35 -41
2 64
-40 69
-2 -22
23 69
-14 -60
21 -22
76 -31
-85 58
-74 -87
18 -30
32 36
0 42
-24 74
-17 -59
-86 -50
75 72
-100 -23
-1 100
27 -22
-58 54
-87 -14
-89 -36
78 97
-12 1
-5 -4
-82 -34
-28 6
98 74
76 81
-49 34
81 69
-46 -80
45 -23
11 2
-62 13
-72 50
61 -77
78 68
-8 -58
92 -95
-31 33
-24 33
-15 -17
-92 -53
15 -20
-8 80
72 -84
-40 94
-62 89
-1 -31
-56 75
44 -98
-42 -83
-51 -37
41 59
78 14
98 14
-63 -76
-61 -67
58 46
-66 57
54 60
-76 -37
-15 43
-10 80
-72 45
9 -82
-51 83
-47 49
31 24
-66 -76
57 28
2 38
92 28
21 100
-65 -37
73 11
11 93
-80 49
86 -44
-75 -44
77 -18
81 -74
-69 -20
-22 76
-80 -60
-72 72
-42 -70
43 80
30 30
-89 97
-51 64
-19 -54
-22 -48
-27 -59
87 71
86 -34
93 -8
26 100
4 72
-56 -49
-85 77
97 22
8 -55
-51 9
-80 -58
-84 89
-40 94
12 46
16 20
-31 14
-99 -38
-80 -86
86 -81
16 25
-87 93
-89 -96
31 -85
-69 47
96 -82
-27 -14
-4 -14
84 80
-79 18
-67 -22
-68 69
-3 60
-100 87
78 78
-38 -1
-63 -89
-38 -20
23 88
-49 88
-87 -92
-29 87
83 18
-8 82
37 -31
-55 94
-72 93
36 28
42 88
27 -48
-1 37
-42 -28
-63 85
23 -65
7 48
-64 26
-48 0
92 -18
17 54
75 42
-66 38
74 35
-52 96
-34 44
-96 38
66 -67
1 -7
80 -27
25 94
70 22
-5 -93
66 8
76 21
86 57
-70 -79
-69 100
-30 -60
84 -17
54 38
-13 77
-57 -54
96 2
-78 -89
8 74
-2 -23
-90 49
5 15
4 8
-71 -49
-75 35
-74 -32
19 48
11 63
10 19
26 76
-2 -13
29 94
32 -71
59 -88
84 -68
84 32
-22 82
85 58
10 94
-8 -70
-88 39
65 76
-1 -21
-50 -92
58 -2
-56 -17
28 -95
85 -37
59 -5
93 15
75 -44
-79 34
-95 50
-41 91
15 -36
92 90
83 -75
-97 -50
-39 -89
39 100
69 31
-17 -56
-95 -40
-69 52
34 10
-6 73
-67 58
-20 76
-82 85
8 -60
76 17
-61 70
15 -51
-13 42
-19 -32
-95 -12
66 50
54 24
-92 -62
83 50
-73 16
-24 51
-10 73
27 -33
46 2
9 90
5 32
3 58
-91 -92
-56 -5
-63 -60
74 -43
-19 -22
-62 60
-73 -71
46 0
61 41
-81 -64
-54 -20
-71 64
0 19
31 79
-37 -96
70 6
74 52
0 -44
-21 57
66 -86
-48 68
68 -5
47 -36
10 67
13 78
-25 -96
-77 20
-90 32
-81 -46
-45 64
56 45
-39 -82
47 98
33 56
34 28
75 -29
5 -91
9 -5
64 -55
90 51
-85 61
45 99
-47 48
11 1
70 -8
-42 -21
20 -52
-24 76
-19 -22
17 -60
-10 64
-20 81
22 79
30 80
-96 -42
-20 -67
-19 -47
-49 84
-55 21
-31 71
-20 -25
-9 -89
-4 28
-86 -50
77 -24
15 92
-28 21
3 55
39 -58
22 83
-43 35
-13 -2
-50 -69
42 -67
-17 56
75 22
-67 -21
-50 -94
79 0
-30 93
-42 35
45 2
7 96
-87 -51
-23 67
36 13
-18 -62
77 82
-63 7
73 53
53 88
88 92
15 -100
44 97
-3 -85
33 38
-48 51
-66 37
77 64
67 90
22 99
-20 65
24 32
-9 -66
78 -96
83 7
-59 -42
-16 -5
-68 -77
-41 -47
-73 -15
57 -39
46 71
75 -46
-37 -18
-69 21
-80 38
17 -15
-47 27
62 28
-54 76
-18 -62
-35 82
64 10
57 66
77 -36
54 56
62 -17
26 -76
64 93
-8 89
-7 -62
68 7
-82 -16
-80 -46
94 -10
60 98
44 5
49 -48
-61 -77
-36 46
10 1
-1 37
-68 -57
67 -48
68 -100
87 -45
-38 27
-44 6
-70 -9
-6 31
92 -36
-7 95
49 -13
26 80
23 -94
70 37
20 -6
85 -49
3 -3
52 2
76 -62
14 68
-62 6
-66 -38
49 43
92 47
12 25
-76 94
20 46
-66 -48
-75 -23
-53 -56
-17 -73
67 -36
-84 -1
-79 5
-29 -86
28 81
22 92
83 78
-32 -45
-37 12
46 -7
-25 -10
20 33
22 -7
-24 -14
21 13
31 87
-87 -35
51 -52
67 35
28 17
74 73
10 4
-65 5
48 63
-87 -64
51 -99
13 84
28 49
-5 11
-80 -20
98 18
-38 36
64 -33
-74 47
31 -8
17 -38
79 98
-87 37
37 9
-33 25
-1 -79
-66 97
-6 -9
75 -82
-38 54
