18 43
-76 -48
94 44
-82 15
97 56
-75 0
5 90
-73 29
18 91
78 21
-5 42
99 -23
85 66
-18 73
71 -22
-56 25
-31 -87
67 5
-66 -76
-47 4
-35 96
18 11
-85 -51
-41 -33
42 70
-66 -29
78 79
27 22
62 1
85 98
41 -29
96 77
-62 -58
54 -15
81 -95
-71 86
-32 -43
3 -24
-11 87
-60 -84
-58 -90
-80 -51
-65 -68
-4 92
5 82
-27 -89
44 10
4 -39
67 -35
49 -53
-78 -86
-89 33
90 23
69 70
-42 -27
-86 36
44 -40
0 11
16 16
-2 40
63 25
94 -38
-71 -30
-79 -41
-37 -35
-19 -91
-23 -85
-86 -33
14 94
88 67
-78 -72
-38 37
-48 52
-23 -44
-51 -20
43 60
86 96
45 6
55 5
-96 95
-85 20
-97 46
-87 -21
-99 -75
55 -19
-80 1
34 23
41 59
96 -6
27 76
46 -28
-26 -95
73 -48
-39 87
-76 -2
12 41
-9 94
-61 -8
-3 -39
70 61
-85 -42
-5 24
-53 -63
45 -25
-41 53
3 -9
84 12
44 -92
4 0
18 -67
79 -91
-41 -75
81 9
77 60
-84 83
49 94
-58 -63
68 -74
-51 -69
76 19
-13 80
-92 -20
19 -58
19 -16
57 100
-2 -78
-77 2
-69 -25
-11 -1
45 78
66 -40
-74 -65
77 -11
-65 13
-88 0
-95 -48
-55 -54
56 81
51 89
-4 -70
81 100
45 -96
-14 98
52 37
22 45
-2 -68
-85 46
-32 -81
-20 24
-40 21
-59 42
-92 -73
80 45
-72 -64
78 53
12 -62
-76 5
-93 35
12 -71
38 -38
68 -7
-94 44
54 81
48 93
74 -3
-24 60
27 -3
40 25
71 74
-36 19
98 26
-41 -18
-19 -34
23 -73
29 -97
-99 87
100 -15
-59 41
14 -35
-34 -40
29 75
-52 30
97 -49
-95 89
13 64
39 72
-27 -37
-30 98
-62 -40
31 63
-86 -37
-75 55
-11 60
-93 73
-97 3
9 -68
-60 -15
20 61
73 -88
9 27
12 -50
-99 -48
97 28
95 -87
40 -9
74 -48
7 -4
-98 17
-94 -11
-75 3
-42 41
-89 12
-10 -78
-52 21
20 42
51 -7
-51 99
-84 -26
-60 48
91 81
83 -6
-21 43
88 -56
69 54
-50 -35
69 -99
-27 -24
-49 25
-57 66
-88 -18
33 -37
-42 20
73 32
1 54
68 -35
53 -94
-5 70
-39 -68
-12 -58
-49 -11
-42 -55
63 18
-57 -88
-24 -97
5 37
64 -92
-28 -82
44 28
57 -69
-71 -28
34 69
-52 57
-64 96
65 -46
-89 33
99 12
62 18
51 92
56 33
-29 19
4 -39
41 -63
-3 -60
90 -66
50 -86
100 -50
15 -45
35 -47
16 -67
-32 87
-72 82
-62 28
-24 -63
19 7
-60 57
-99 -92
61 53
23 -35
24 28
-74 -83
43 18
65 12
-98 -22
-26 -46
67 38
-74 7
-35 -95
-50 89
-46 100
36 -94
24 -45
-92 15
70 -39
-68 52
97 55
39 -76
78 12
-4 18
15 86
89 59
-2 68
-33 8
22 -78
41 34
76 94
-49 -30
-6 8
70 91
-58 -30
-41 -49
65 -97
-69 21
-9 -86
-58 95
91 -57
74 25
-21 -22
20 82
-9 52
21 -67
40 34
-98 -17
-74 91
8 -45
-97 21
-93 60
96 -85
54 -39
-97 -56
-53 -49
5 -17
75 60
-65 -21
61 80
7 -76
81 -22
-55 -69
74 13
-92 -66
45 13
-35 70
-6 18
18 -39
-63 54
41 -31
30 17
23 -86
-59 22
-90 -70
-61 3
83 -57
-23 40
88 64
-47 -17
56 -37
70 -54
65 -46
35 -64
-84 86
78 93
22 74
91 -8
56 -33
-27 -22
2 -49
-39 -6
-93 39
-64 79
66 54
37 14
24 64
11 -65
-43 -4
-26 -90
43 76
46 -86
-97 -73
-90 -70
31 2
85 -32
66 56
-50 3
96 8
68 -8
53 -92
76 -84
-40 -79
-70 -72
-51 -53
-37 -10
-22 -76
-70 -74
-24 38
17 70
-72 57
40 -16
-19 44
-21 18
4 20
-89 -46
11 32
-74 -15
81 6
-84 -53
40 -42
-59 33
17 60
73 -94
-69 31
-7 48
-89 -44
-12 23
41 18
44 -100
62 -99
-39 -68
0 44
70 35
73 -3
90 90
-56 50
-21 79
-44 -24
54 -17
-98 -47
-20 96
-25 3
15 93
-79 -93
-46 85
46 -75
61 -79
-89 2
-52 48
-25 -50
55 -35
-67 10
22 -65
-68 0
-5 20
-73 -86
-15 58
8 20
43 -37
-77 77
89 -98
69 9
25 61
-81 -43
92 -85
-11 -31
-71 -73
-84 -96
-49 90
-19 39
-7 53
-45 -64
29 -19
32 -17
83 -53
-32 42
30 -33
-49 26
34 72
-17 -1
-37 88
7 -16
-43 1
-33 94
-10 -100
56 -68
-26 94
77 20
-70 -22
-13 -25
2 58
-45 -84
7 81
3 40
-72 9
44 0
22 -16
-48 -95
37 56
19 32
-25 -17
87 -61
-1 -14
80 -30
-99 96
-81 82
42 -69
9 94
-17 76
95 63
-89 92
-61 -98
-16 -32
62 -79
98 -65
-3 -35
2 -72
6 -3
59 2
-95 -21
-26 -18
25 0
67 -54
92 -59
-68 49
30 63
-24 18
-85 -76
-43 78
14 -75
88 -78
-53 -28
-92 -11
12 -13
15 -71
23 94
66 53
-4 -46
94 96
94 -5
-39 -69
-37 25
-89 66
-30 -16
-82 29
-22 38
4 15
31 -62
29 17
20 -49
-12 71
-9 -18
-52 59
93 32
-6 61
-70 -93
-22 -59
95 70
55 -29
49 -88
8 31
27 -2
59 44
-65 54
-74 23
59 -91
-6 -71
34 0
97 -55
-97 -4
79 92
92 21
-26 -14
36 3
75 68
-25 58
-40 -10
99 67
7 37
-36 43
5 -18
-70 -97
8 -18
33 -94
-91 -79
2 -51
-98 32
32 57
-88 86
-55 -15
55 -23
-45 -92
-92 -56
-75 62
46 22
-67 -51
11 -99
-69 -59
45 -89
78 -68
-29 -82
31 -68
-99 59
-78 11
23 41
-61 -72
-25 -37
-35 5
-60 58
-82 49
93 3
-63 -38
-55 51
-65 5
70 44
-34 34
69 22
16 4
-54 -39
-3 17
-96 10
40 68
-41 61
22 -54
-55 38
-17 91
-54 75
98 56
-21 15
