-71 -46
63 -92
-55 79
92 -42
-53 82
81 -47
-85 11
-20 -43
96 -80
66 95
-67 -86
-94 68
5 53
-59 16
-49 49
-25 56
-35 -30
92 -33
-28 42
30 -93
-33 -9
79 76
31 -54
-97 68
-42 91
98 -21
94 -67
11 55
13 -19
-3 59
-44 -62
-16 76
1 54
61 88
22 -9
56 -93
55 81
4 3
83 36
57 28
7 72
-52 -44
33 37
61 -25
-7 16
-36 87
-19 100
9 67
-40 47
-21 -6
85 6
-36 94
67 -9
-95 35
0 49
-11 18
-50 -8
72 -66
-19 44
-8 76
16 -55
26 -50
-16 -49
-33 -71
20 -53
-75 81
-58 73
57 -34
-97 35
27 -14
42 -63
68 -38
-39 30
-93 80
26 -24
79 -92
73 -19
-74 -57
71 10
73 30
-80 -79
47 -92
-62 -44
-86 -72
-88 71
-86 -95
51 45
-40 15
-90 -57
22 35
48 -25
-33 35
33 -51
51 -54
33 -75
35 31
6 -8
36 -94
-3 47
6 -4
-11 35
-13 -16
-87 -99
97 63
67 -72
-81 -63
-41 -8
56 20
-71 -25
68 -9
-23 -60
-57 -44
56 85
39 50
-67 19
76 -28
40 -24
-86 -78
35 98
-56 57
73 40
-13 -64
73 -27
94 -79
74 42
-65 98
91 -96
30 -92
-52 -36
-84 -64
-93 -96
85 88
71 29
-52 24
62 95
14 79
-80 -73
2 -98
-88 -27
52 -9
40 -94
-74 45
32 9
4 31
-49 -18
3 63
-40 -94
-56 70
-16 -96
74 84
93 24
31 86
-45 21
-100 21
-90 52
68 -99
17 -23
49 -35
-39 -31
-71 24
31 -8
-3 95
15 46
74 -85
-10 86
-77 29
8 25
-26 10
53 -86
85 15
-6 -36
38 -72
-35 35
-61 49
-95 54
-51 -59
-17 -56
-70 19
-70 -75
28 49
55 5
14 35
86 69
66 67
68 -48
-7 78
39 66
33 71
40 -91
-62 40
-50 92
51 -24
28 66
75 14
-79 83
69 -81
99 -88
-9 -58
57 26
73 42
39 82
62 -44
23 29
77 -13
-29 -99
53 73
-79 65
39 88
-86 -100
56 -29
39 16
1 -51
-10 -54
-3 58
-40 40
14 -73
-4 39
-42 31
7 -86
40 -14
84 -6
38 38
90 -13
59 -27
7 -88
32 82
-86 -66
10 -68
-92 30
30 15
-82 81
-8 20
-69 46
44 -92
46 -27
-83 38
90 -98
-23 22
11 -54
82 -78
-44 -87
46 45
-87 -60
86 92
83 100
11 33
-12 -92
-6 43
-96 -21
55 -47
53 11
33 -51
-38 -27
-23 -92
16 -51
-8 -69
68 -30
28 83
15 -86
-49 -3
-89 -23
-18 74
68 62
-98 -23
-99 79
-3 -95
92 -86
97 17
41 17
-41 17
-47 42
-70 16
92 -58
77 22
75 97
83 -74
3 -70
14 -91
-93 98
-26 40
-92 -7
15 87
57 -65
-50 19
-74 -42
1 -65
-22 -89
-29 -83
57 -34
-5 5
-27 75
49 53
31 53
-92 -36
71 -11
-65 68
21 -54
96 56
77 50
-36 -99
63 -48
-80 -24
16 -21
100 24
41 -98
87 -13
38 -75
-68 -83
84 78
-79 -56
67 28
47 43
-60 98
29 -53
-79 58
-13 -47
-42 -93
89 18
2 -97
86 27
-93 -52
-18 -60
-36 97
-34 95
-47 32
100 70
-89 -88
-92 -70
-93 98
-50 15
91 -12
-8 4
96 -37
-51 54
-61 -40
11 55
-32 81
-67 -100
65 20
35 13
71 71
15 -91
-60 -92
81 77
98 -17
33 72
91 90
25 -83
-78 -13
-69 52
25 -58
-5 -92
-2 -100
100 -37
25 -47
-39 33
37 99
-59 84
-8 1
8 46
-58 66
32 -84
-69 99
62 -10
-33 27
-74 -85
85 -21
-28 50
-11 -1
-64 46
100 7
5 -43
47 64
-10 61
58 -34
-75 -58
-42 -4
16 72
95 70
-26 11
3 18
-5 -30
-75 2
-18 97
80 -7
15 -47
-5 50
32 71
-86 91
59 61
-89 -5
67 97
-33 -4
72 -33
-46 50
-13 12
99 78
-96 -85
0 12
-92 95
100 -97
81 38
100 51
70 91
22 -65
88 -61
24 52
10 46
-17 -88
-8 -18
80 -21
-21 72
20 -95
92 -22
-72 -40
-73 -59
20 -46
21 69
31 -27
-97 -40
-23 -92
-87 80
71 -100
-65 91
-25 -95
-86 -8
39 -81
31 8
-12 -32
-95 -49
52 -28
-92 -83
86 -68
-36 88
-73 61
62 -49
93 -44
-83 -72
-100 28
-28 -11
60 -69
99 -19
56 -40
-88 -89
56 -75
42 -73
79 -11
68 -56
-73 -60
-26 4
34 60
-41 -19
26 79
-92 -55
89 44
21 94
-37 51
88 -39
-68 -72
-96 -76
-21 -40
2 -2
-85 38
30 50
-79 -41
9 -66
-62 88
79 -76
25 -95
-34 34
48 89
-26 -43
89 -1
13 -13
86 -80
71 60
-54 39
18 -62
-77 67
-77 -24
68 24
-14 -32
-16 48
-69 43
66 94
76 -35
-74 22
6 57
7 -33
-19 3
69 -32
0 -84
85 -68
-57 24
-75 55
43 71
-81 -34
-30 -67
-57 -7
-22 82
-36 6
34 99
-13 -34
51 82
-33 -35
41 -5
-56 39
40 8
29 99
94 56
41 56
71 19
-64 -18
-94 -67
-38 -32
37 47
-46 -52
-72 -58
-31 -17
12 51
1 -51
22 33
-14 43
-11 91
48 60
-29 -37
-18 -35
-50 86
81 28
94 -20
31 -27
4 -24
44 9
64 -99
53 -84
-94 60
58 -88
38 -18
-50 12
27 -56
16 -8
85 -56
-28 -72
9 -76
-22 -74
-34 -47
33 98
69 -71
-1 -45
80 62
-34 -2
-32 -92
-2 91
51 -60
-6 -68
48 -54
-93 -71
72 -12
-76 -89
-13 -22
-75 -95
-86 32
-25 -36
-81 -37
-76 -24
31 76
88 -8
-32 62
80 95
100 84
38 -59
91 -71
98 66
43 -75
-69 70
-83 -43
-63 48
54 18
-49 40
31 -68
45 -26
-66 -48
-7 77
-2 30
-71 81
-95 -77
62 5
-65 88
-56 84
27 57
-6 48
-6 -68
79 -44
-85 -47
-82 -54
10 6
-63 69
11 -45
-15 56
26 -11
50 -86
-41 82
-11 -32
-47 50
90 -63
98 76
-33 56
-94 75
19 -18
45 15
81 43
-6 1
-58 -20
18 51
-93 -61
13 -33
37 -23
-81 92
-65 15
6 99
-33 -83
-94 34
-85 35
86 47
92 46
-3 77
71 97
-97 -32
-41 29
28 88
-66 -98
-94 4
8 24
-6 14
-69 10
13 18
-57 -91
38 100
42 -74
69 49
6 69
-70 99
-76 -3
-83 -86
67 44
-90 76
-90 16
11 36
4 -18
-71 -86
-70 -61
20 39
90 52
13 -31
-65 -76
-86 32
-27 -82
-86 92
87 -73
63 -74
-100 -100
59 -59
-46 -40
9 -88
-26 58
-58 -26
76 35
26 -76
-2 -27
-61 -46
-48 -69
-51 70
64 -73
41 77
-10 -29
-75 -29
-14 54
87 -25
70 31
-81 26
97 -23
-15 -6
85 -9
29 70
-50 -19
-13 10
84 -63
-58 -12
44 9
-47 -59
-22 46
-44 9
-15 -49
14 74
2 28
89 69
-28 91
53 35
80 -39
23 30
34 -59
60 25
51 -35
28 -24
-44 10
63 97
-35 -19
-73 64
36 -51
-64 -93
55 27
-17 -99
69 93
12 -47
75 -56
-67 70
89 -54
-34 -8
62 -22
-88 -17
-26 -11
35 -50
-48 -15
2 42
-63 26
-78 -41
-53 24
37 -31
28 99
38 80
-40 7
-60 -16
-40 -82
78 55
0 -2
33 71
-47 -12
36 1
59 47
30 -70
74 85
68 50
-79 -30
65 -43
-84 -24
-51 -89
-18 25
-3 -100
-21 11
24 33
-92 -25
-69 -4
0 60
6 -77
5 -88
-68 66
-44 35
100 -75
60 27
-70 78
-55 -92
95 80
97 -93
94 -13
-30 -30
93 -3
-83 -36
23 30
-4 -36
-76 -83
-42 55
0 -93
54 29
-34 -35
66 -5
-33 -79
44 40
87 91
59 86
93 80
-53 -99
50 49
18 -97
72 -17
-45 31
-74 -6
29 89
88 1
-77 5
35 -83
-46 75
6 64
3 59
-36 -44
-60 73
36 97
20 -80
-11 -39
-78 -90
9 21
-30 -82
42 -64
-59 -79
0 14
90 93
14 33
-2 4
7 44
43 77
68 90
77 -20
70 87
10 82
0 93
59 36
-84 -35
41 4
82 -45
-72 -54
-7 -37
85 -50
65 -96
36 46
49 36
-40 100
-51 -52
-96 -3
-12 96
-32 42
27 -13
15 -84
-15 84
-89 69
50 83
83 -61
47 -21
-61 4
85 -87
32 -61
65 6
28 -29
46 27
32 62
100 1
-93 74
73 40
36 -86
93 -71
-56 17
49 -93
-31 65
-97 9
32 -28
-67 -15
-56 20
-30 -72
94 -40
-69 -22
-67 -82
-36 29
-39 -63
89 56
-10 -94
-13 73
97 -24
15 -82
-37 -33
91 3
-89 47
21 28
27 -77
30 32
54 32
-98 -2
30 50
-97 47
-31 -69
49 72
62 -14
48 15
71 -9
65 -35
-81 -4
-29 51
9 24
-45 58
56 48
90 -87
-57 -45
79 79
-43 43
65 -85
58 79
59 -65
4 -62
84 59
68 -12
-77 34
59 -75
1 -52
-66 -62
37 -62
61 2
-93 -48
47 66
-82 68
24 -36
15 99
-2 -82
-52 33
-35 -53
57 -94
-40 30
-8 43
-75 8
-41 -90
61 68
74 -72
87 -39
-43 2
100 -56
81 -77
15 -52
14 78
38 -63
-90 73
80 48
-82 -90
63 19
6 -51
-40 16
-1 99
-9 -5
77 79
-28 -35
51 76
24 -2
-92 34
-5 88
10 75
-33 -4
-84 -100
-45 -6
-72 52
-64 -9
-35 -39
