59 67
-93 59
11 -23
-13 69
-88 80
12 -55
69 -6
15 -38
95 96
95 15
17 -94
35 -34
-12 24
-96 -19
-50 5
-49 -39
53 52
52 -92
75 50
32 63
28 80
-81 -47
-77 79
97 -6
-78 -65
-69 16
10 31
94 99
42 39
49 100
86 85
30 -83
-58 66
-82 -29
-39 64
-61 84
33 -23
48 21
89 80
70 -6
93 56
90 -36
-29 32
80 30
53 40
76 -93
13 82
38 30
85 -99
26 63
70 41
-33 5
2 -2
79 -38
75 -32
-65 -59
8 -18
64 -81
5 -92
0 58
77 68
38 -98
86 -77
13 -13
-42 82
-100 50
54 15
-35 78
67 -2
52 -31
65 -47
31 21
100 96
75 -53
20 2
-68 77
8 -74
41 89
-67 43
99 35
-54 61
21 46
-7 -71
16 83
88 34
26 82
-25 45
100 -25
-18 -10
75 73
-71 90
19 -67
-73 -5
11 46
13 -8
-44 -45
-51 59
66 -77
-86 -3
-59 4
51 27
-78 85
-50 -93
-69 85
-98 -14
93 38
55 -8
-43 78
40 13
49 -15
-32 -18
90 -44
-68 65
-25 52
-98 72
-23 42
-32 63
76 -98
-2 40
80 47
-78 -99
20 69
-9 49
-57 66
13 92
-53 -90
65 -84
73 76
-85 46
-94 -21
-46 -12
86 85
-3 -95
0 -39
-89 49
17 57
87 -54
-65 -8
91 -61
56 5
20 -49
62 32
-37 57
70 -10
95 -19
64 -96
-92 -5
-92 83
22 -80
22 89
-67 29
-96 40
30 -83
58 -70
-23 -23
52 75
-69 -50
45 42
-59 13
-34 -83
-87 -29
80 -96
-85 93
-18 -46
81 -69
24 19
-17 -15
-100 100
95 10
72 63
-68 72
78 -53
-57 -27
-1 39
65 86
-50 3
5 -37
63 23
0 81
74 35
78 -2
-97 68
93 -8
-93 -29
45 50
88 -88
84 -6
-77 84
49 61
95 79
89 -59
-35 16
9 -57
-46 -48
85 -53
81 -96
34 91
-55 -27
0 -6
-23 36
-37 41
-18 -44
76 -17
59 -18
59 -36
-69 22
-11 -19
2 72
-71 -88
81 -53
-40 7
3 -93
19 -4
80 -7
98 65
-77 -100
51 16
-8 -3
17 -2
-60 51
65 74
92 -65
-97 -39
-86 57
57 -52
98 28
-78 18
-5 62
-70 -50
89 -61
-60 -34
82 -61
75 3
25 -44
2 -84
-29 -97
-20 -15
70 -21
31 -48
-76 -58
45 77
60 45
18 52
-58 37
-25 -71
57 27
-17 44
73 -67
85 -74
-57 93
-84 83
31 -54
87 -33
-47 -39
-43 5
51 9
14 92
88 14
-6 -51
-59 -78
12 -91
-17 15
-50 -71
66 63
73 -78
-32 -100
50 -92
-33 -72
91 -65
-92 89
17 54
61 60
-39 -57
0 70
-92 -71
6 83
59 -90
-2 37
-44 -30
-69 34
60 -13
-81 -64
-32 -13
71 14
48 97
41 -53
-49 -84
-53 -77
-80 27
-18 11
-22 20
-71 25
-29 -39
-50 72
5 11
24 -75
-6 -4
-40 82
-48 -77
-23 -33
14 100
-70 -90
-46 61
-85 3
1 -94
-27 -45
-54 30
32 33
-92 99
-38 -15
77 -26
4 -91
74 30
61 9
30 70
-75 14
-96 -43
54 83
39 -21
-29 87
-31 34
-62 -6
87 -26
-7 -33
90 -37
53 96
25 -87
65 2
14 86
-11 75
-11 98
40 -47
96 99
61 -13
-72 5
100 91
68 -82
-44 -74
5 -67
-14 -28
-68 33
-79 19
55 -91
-63 -3
-56 -68
-26 -32
75 -17
78 -23
42 -89
1 11
-89 -49
40 -97
83 -37
32 -55
9 55
59 17
96 -17
39 21
54 34
-73 82
-72 -84
-43 -57
-22 -37
-12 -90
-23 -77
84 63
-95 49
-8 78
93 -30
-75 -87
64 30
-30 -47
12 83
41 50
-71 -87
46 81
7 -77
-54 13
69 -60
-57 -83
54 -22
93 -13
-89 96
-63 -37
90 49
16 59
84 64
97 95
91 66
26 -1
-97 47
-82 0
-85 -60
77 -21
-29 -33
-67 9
-24 40
-8 -59
-82 22
3 -57
-93 -5
-27 -30
-53 -78
39 30
35 71
14 52
70 19
82 27
90 97
12 -67
40 87
-91 54
-41 4
-87 17
-44 -1
69 -34
77 -34
-10 -46
90 93
-43 -22
63 -72
-57 -54
-78 97
85 4
19 85
-90 95
75 78
7 -21
-42 40
58 -50
-48 -13
74 21
34 80
19 -90
57 -94
23 45
-68 -66
-44 -50
61 0
-28 -22
-45 -30
-93 -75
-35 -69
-8 -47
-72 -46
16 -65
-4 14
61 43
-75 -25
25 -15
-10 30
6 38
-72 39
-74 0
75 -57
12 69
20 5
70 8
-75 -87
66 -31
-21 43
50 -71
53 79
58 -20
-54 22
-96 83
33 -70
83 -100
-8 -22
46 28
89 -5
-49 -56
72 -62
-53 -80
-86 -80
46 57
-20 -88
-77 -35
27 82
-57 -40
-86 -65
-89 -45
-77 -50
-63 -5
79 -53
-81 40
-18 -42
38 51
86 31
-33 81
15 50
-45 -13
73 70
31 -89
-43 51
75 -36
36 -65
-24 22
-94 -97
94 -17
53 92
-45 -77
77 14
63 82
81 23
-25 23
-22 -39
-18 24
84 -41
46 -39
65 58
58 -65
-87 -78
-24 -42
88 38
-55 -17
64 100
-72 -2
44 29
50 87
-88 31
10 17
33 -51
-39 17
59 -68
13 -8
0 -78
81 37
-94 85
-5 -73
42 75
-78 42
27 -95
-84 -47
-39 -64
-10 84
50 59
76 83
-53 -3
90 -56
18 -71
82 45
-88 57
-75 85
-29 80
81 -19
-95 91
20 -20
-37 -8
-54 -88
95 75
-43 -47
-33 48
-59 55
43 3
-64 65
60 82
21 -6
-97 72
-33 9
-68 39
2 -51
-74 81
68 70
17 88
75 78
-3 4
-24 53
72 64
-42 -33
9 44
9 74
-11 -34
-16 -25
1 -24
79 -22
-25 7
-14 -72
29 72
4 7
25 -84
8 -91
-48 -29
-35 23
-33 8
-30 -17
-1 -33
-85 -17
48 81
71 -58
55 -61
55 -10
-6 -98
8 -71
84 66
-83 -68
24 42
6 70
89 -32
-91 0
79 80
86 20
-94 43
9 -87
-66 -60
40 -90
100 33
-25 -38
63 2
-44 96
34 80
96 78
77 -43
44 79
45 16
20 86
-52 100
33 24
67 21
38 -32
74 50
96 5
67 3
-57 -64
56 6
-29 8
-53 2
91 -13
89 -96
87 -47
-7 93
-67 -64
-67 9
-47 -2
13 -3
97 -7
-60 -70
35 21
-67 -41
-81 -12
-61 -40
20 96
-80 60
-91 -12
32 -72
20 -25
46 20
-22 -94
8 90
-12 -23
-19 38
-98 -69
8 45
4 -51
-53 -52
27 -27
55 29
-69 29
-3 48
-7 -55
-23 -42
74 39
22 -51
-20 -5
-90 52
43 -71
77 86
37 -68
3 -52
2 93
-9 63
-65 -36
-62 -14
77 -93
12 -55
-19 45
-39 40
59 -94
-100 64
14 32
-61 54
-92 94
86 -54
-36 -61
-21 34
55 -49
-14 82
-86 25
85 6
-8 36
-76 -83
-80 50
60 -45
-96 25
1 21
-17 -22
65 97
-81 98
-30 58
65 -80
-9 0
89 46
-46 -11
95 -91
-82 -92
33 100
-30 76
-15 79
77 -68
13 75
32 79
-59 34
-18 19
-30 27
37 3
97 -34
-63 77
51 -14
22 64
-87 -24
-85 -3
4 -33
79 -89
-19 97
-73 -76
49 88
-90 -85
6 25
-81 93
88 66
-50 -60
-96 -80
-15 79
13 79
21 -99
90 68
-93 96
16 1
11 -61
-44 18
-82 85
-17 -66
84 -21
-84 17
-81 -66
-87 -6
84 -13
11 -62
-97 -15
-20 -60
-75 14
41 74
77 98
-88 100
-59 -29
-29 -42
14 41
-20 -78
-5 54
39 -62
-69 -57
53 -88
32 88
-7 65
-80 -17
11 38
68 -26
-40 45
83 -62
16 6
17 -67
14 -39
19 -7
37 25
84 100
-43 91
-28 12
52 39
-48 18
-55 29
-6 -91
-33 -66
-63 4
19 59
16 30
12 28
40 -61
75 47
-31 -39
85 2
-4 76
89 -46
-88 93
42 0
-61 19
-42 -57
-55 -21
55 63
-51 -6
-29 44
48 84
4 99
46 60
28 -56
-98 -51
52 -48
-98 -33
-51 93
17 61
12 -69
93 22
18 -74
-38 -2
-12 48
43 40
-28 -55
7 -89
11 -35
-54 46
-94 8
-77 22
-82 -43
80 -95
-58 4
-55 85
83 -38
-63 -38
-17 -7
2 -7
69 5
-63 2
92 -43
-36 -91
-76 -59
79 -8
39 -57
-64 -92
-30 24
-3 60
-38 34
-16 84
-71 30
29 20
55 38
11 -1
88 72
-57 18
-26 76
-98 42
-98 -10
71 -93
-85 30
28 -81
-78 26
-35 -8
25 60
-96 88
-34 -30
-70 1
56 -80
-8 -95
-46 -37
76 -33
4 27
24 -23
69 94
100 -78
-55 -28
-93 87
58 -17
4 -42
14 -83
-81 1
-40 17
-22 -1
-7 26
22 93
62 -89
-20 28
-53 -99
30 53
32 -15
48 -26
12 -21
1 -56
-92 47
87 25
12 -60
33 -32
-47 -64
3 80
33 -76
-73 61
82 23
-96 -52
78 -12
16 -89
39 80
-94 -99
-29 -42
-4 -90
-27 -7
51 -68
84 -3
-40 -43
94 -31
-5 0
58 -96
100 -62
66 -34
37 -62
93 -18
57 33
93 59
-76 -4
-74 -33
-27 23
-85 13
-77 -46
-9 84
24 -71
-42 -23
69 -14
-100 89
-60 89
-100 96
39 35
-82 16
-58 -76
91 2
-22 9
-43 -40
60 -82
66 -58
-90 26
-25 86
-59 -34
-92 46
5 -58
-78 -22
89 9
32 -9
77 -5
1 33
-30 38
-31 76
-34 54
-20 -86
42 -84
98 -98
36 -14
-15 -62
96 0
78 47
10 40
-10 -44
-10 27
-66 -94
74 -18
-27 13
-80 -83
-57 37
-48 76
74 28
-58 -55
69 16
