-13 -20
43 -22
-75 51
-49 1
-51 95
-22 20
-27 -7
-69 6
65 -83
-2 -80
34 -63
-72 -43
-60 -88
58 92
-86 -34
79 -89
8 71
43 25
-40 92
-59 99
56 -14
-53 8
32 -56
71 -3
15 -80
12 0
15 -60
-17 59
10 14
10 10
-13 -6
-86 -18
-2 -27
62 -80
-98 -42
4 52
-99 86
-9 24
100 18
-43 -13
-74 34
30 58
-36 18
100 -70
82 -98
-36 15
88 64
-90 72
-4 -80
7 -78
1 54
52 64
-6 -7
95 -55
28 20
-66 83
92 88
-67 83
32 -36
15 -91
-26 31
11 -48
-86 57
97 66
-9 3
22 -50
-21 -70
-7 49
-73 -44
20 -98
86 68
50 -2
11 17
51 -71
86 -64
-99 4
-8 -39
-41 14
74 -13
-64 -47
58 -78
100 -57
36 -98
65 -17
-2 -57
54 47
73 9
47 -14
74 -74
63 40
26 81
86 52
60 56
-35 17
-28 -83
-98 60
-36 -74
-57 -30
84 78
-41 -66
69 92
90 -58
2 19
-6 24
83 72
62 81
64 65
41 -67
12 54
72 -10
62 -10
-79 -61
-94 -91
29 40
-83 -53
-27 38
49 2
-4 80
2 39
40 38
95 3
-7 53
-82 -44
-3 65
74 -15
-70 4
5 36
-84 14
72 11
27 73
21 28
-87 -65
5 -91
-33 79
-93 -79
-53 37
-55 -66
-86 15
47 43
72 -54
67 -2
6 62
-55 48
-72 -75
-31 25
8 -71
-86 77
2 -34
-97 84
-73 -47
47 92
25 -77
85 -87
-97 -18
-6 -39
20 53
93 28
99 -2
-84 13
87 3
-18 -74
8 36
79 38
78 58
-93 12
-54 -27
3 -49
-86 -11
66 63
48 -16
93 50
-98 -57
-77 71
31 68
13 -78
19 -5
8 53
48 -4
20 -53
-50 14
64 16
26 -41
-58 7
87 69
-92 -19
6 18
11 23
97 -64
-61 12
90 38
-19 -64
48 -25
-39 65
70 -97
73 25
-21 66
-85 -87
99 84
18 -80
-59 20
41 -79
-97 -2
-90 95
41 -26
-57 -99
-30 -73
50 -31
27 60
96 -78
-35 49
-6 -26
-27 32
76 23
-44 -12
79 -75
28 -76
11 -23
-47 25
-99 -47
3 35
74 -61
4 -46
90 -13
3 -81
-26 -5
65 75
60 81
-44 84
99 75
79 5
-84 -22
-14 -62
72 -78
-6 -100
38 -34
70 56
-59 1
61 48
-46 72
94 84
65 -50
36 -16
-19 -98
-65 -20
56 14
71 -3
87 40
-92 100
-65 17
33 14
18 -3
59 -15
-22 -93
-70 58
-8 65
-67 29
4 -91
23 76
-85 -73
-98 10
-100 1
37 14
-29 99
-5 39
74 -8
96 91
24 -65
67 -4
87 -69
37 -39
16 -64
87 43
60 -17
6 -94
-98 41
-33 50
-63 62
-29 -92
-42 -54
2 3
6 76
-4 -60
-75 30
100 -52
4 -21
68 -51
82 67
22 -62
-89 46
-59 -44
-15 32
-41 63
56 -34
-20 -24
-18 -85
2 -69
-81 -99
4 -57
-71 67
-93 63
36 -85
92 6
0 -73
-73 68
40 56
-8 90
-97 44
-41 57
-98 -8
-17 93
-46 -87
-68 14
82 65
34 -63
7 -35
98 -57
54 -86
20 -34
96 94
-59 -28
-56 -66
-95 33
26 45
-18 24
-57 -98
86 -80
-87 62
-12 -29
76 0
57 69
-80 -40
-46 2
28 -90
-22 77
10 7
5 77
-13 -21
-77 19
11 -45
42 -37
-69 79
-39 4
-79 8
-6 -98
13 15
63 -10
65 40
76 -84
-56 89
91 5
-67 39
-46 54
-97 30
-84 -74
90 -43
69 -32
7 -97
-91 12
-80 98
49 -99
5 -25
-36 17
82 68
10 -24
97 70
-35 -98
-15 87
69 -95
-64 -56
-34 8
97 19
92 7
9 13
-93 -78
0 -74
44 -21
56 92
-53 5
82 71
39 -99
89 19
17 -87
6 -33
-31 -59
59 49
-19 24
1 -21
-81 -71
47 -50
-84 -48
-11 81
11 43
97 22
12 -70
22 56
58 -23
40 -23
-90 8
84 -27
4 -83
-32 -68
92 9
-25 -39
-84 -15
-30 -96
-17 98
77 14
-82 78
90 -28
19 -33
-12 59
99 76
21 -54
-84 58
93 -17
-9 59
-87 2
-72 -79
-99 -95
-15 -85
62 29
51 8
31 47
84 -99
-24 -70
46 -32
78 -94
-15 -23
97 71
-41 52
-51 -67
94 -63
-55 -96
30 -55
-32 -16
84 14
48 78
-61 -72
59 -100
66 55
-38 73
30 -55
91 -46
-35 -41
98 98
59 -62
38 -90
-87 82
-99 58
49 -97
39 -35
-33 -9
-44 85
-1 6
68 -56
28 -54
-3 -96
71 -53
-2 5
-31 7
16 -3
-52 43
-2 35
88 92
-98 44
-17 63
51 -58
75 -55
-40 -1
89 -59
-24 5
-20 -24
-73 -94
-81 34
59 -39
-63 9
96 -9
51 -61
87 -95
-24 59
82 35
24 61
95 85
73 73
-11 -76
-97 90
0 27
71 -3
-44 55
45 33
26 19
42 -76
17 2
41 47
-19 -50
-37 88
52 -1
-71 78
41 41
-30 73
85 73
-49 -14
26 69
-46 -38
5 86
-44 69
17 -21
50 10
57 -58
-93 -97
56 99
-13 85
58 38
24 28
-75 13
71 -97
44 43
-67 -98
-7 -49
-67 0
11 32
35 -12
-82 78
-98 45
-34 30
-57 91
-24 -92
0 -49
51 -79
-56 -47
-65 -71
67 -67
20 -20
-83 71
20 84
-58 -6
95 -88
73 66
44 -17
-9 40
-1 24
47 -43
85 -3
-37 -12
94 62
-75 -67
-63 23
-77 50
97 57
-26 -73
56 -25
-94 94
77 21
-74 87
-18 42
-65 51
16 63
81 -78
65 27
-28 36
-79 14
69 -63
80 -57
-5 47
8 67
87 -4
48 -25
-82 85
90 8
61 0
65 19
-10 -97
-80 -72
-80 46
-8 42
-12 -54
-62 10
63 73
-86 75
-36 -22
-80 5
53 100
16 65
97 54
55 -13
88 25
-11 20
-13 12
-15 53
-6 -38
-45 40
77 -26
-28 -78
-24 19
34 -77
5 47
-54 -49
56 -33
88 4
92 -84
-9 -62
55 -15
-63 96
54 -95
94 -45
-90 -50
93 30
-81 65
-20 33
-82 -88
28 21
