50 56
35 -96
-31 45
43 68
15 16
29 33
83 54
77 18
-59 -56
68 70
82 22
89 96
66 100
1 80
-8 -79
-85 55
-79 81
51 -41
-58 -83
-8 51
-38 99
91 84
-51 65
-83 95
79 -53
50 99
65 13
50 -46
-8 -58
-90 68
49 -53
62 -57
-58 14
15 -54
-70 46
94 31
58 97
-7 14
50 -80
25 -87
65 73
-35 -42
-9 55
38 30
-60 72
46 58
-38 4
31 -50
-93 80
-78 -81
-24 18
-84 -95
-73 79
-83 -50
77 4
-47 23
-48 -95
-4 92
90 22
8 18
-92 94
85 88
-6 -57
-14 -76
-2 -13
67 -36
-88 -86
64 80
-69 -7
-52 -22
-89 31
-95 95
-93 -68
-87 47
71 -16
70 67
95 64
14 20
65 -96
-8 17
22 64
-73 -76
-13 34
7 41
37 -61
24 -23
-23 61
82 26
7 -84
-20 75
-56 99
-95 100
46 -64
50 -29
0 90
-71 -56
-98 23
-9 -84
46 -97
53 -89
-36 -21
27 -93
-3 -31
39 96
88 -18
69 -5
27 34
-35 52
41 81
-77 -26
-73 26
-80 -87
86 -60
49 15
47 38
-83 -81
7 -62
-85 -42
14 50
-100 12
-51 53
42 90
-85 -39
5 -71
