55 -87
-31 -16
-84 83
-30 2
-32 48
-48 87
13 -75
-99 31
-20 68
-16 -19
31 61
-13 -77
42 -98
-81 12
26 82
-23 -25
-9 -30
-36 78
19 -51
79 -98
-4 18
64 96
68 -19
92 -16
43 -3
-29 27
94 -2
-96 87
-16 13
75 46
54 44
33 -41
7 78
-39 92
65 -73
3 87
-2 85
59 61
69 28
-83 -12
-35 -33
16 70
-45 82
-2 32
-46 73
-86 87
62 -92
-24 -5
-19 -55
-91 2
89 -41
37 -11
-65 -54
84 -68
-41 -63
-11 -42
8 -47
-66 15
11 18
-9 -7
-44 80
-65 -37
6 13
97 12
-9 16
-41 -40
5 84
-62 -82
48 -22
40 72
30 55
20 56
34 8
90 70
45 -80
25 -52
41 -76
-14 -44
47 41
-91 8
-17 93
-69 -83
-100 -59
-62 -39
-53 57
-22 82
-52 27
-89 -43
-60 87
-33 40
56 -52
-55 -10
-60 24
-19 7
-50 -43
-19 -65
91 94
-52 -14
-58 -71
77 30
-44 41
21 -66
1 21
32 45
66 -71
-85 -22
68 34
-100 74
-84 9
75 24
-52 24
-50 -68
26 18
86 -48
39 54
46 44
-31 -99
77 40
46 -2
27 -60
-6 -1
-84 -60
10 68
38 49
20 65
-24 26
-94 -64
-10 -12
-3 28
-40 -26
22 46
99 -58
94 68
45 -89
75 55
-61 95
20 25
-13 -80
-98 -47
49 -30
19 -14
-20 -38
67 -25
35 60
87 36
0 -40
38 13
69 -86
-79 -91
39 -68
-73 -70
59 -1
79 58
-100 -23
-39 -56
-95 -19
-48 -88
81 24
80 15
-4 -15
-27 47
12 -91
99 6
34 85
13 -17
48 10
-87 100
81 -41
-40 -38
0 37
-55 76
-3 -95
11 -36
81 58
-31 -19
-20 94
-96 58
-86 76
51 -6
-65 89
72 -47
48 -81
-34 91
74 6
90 -36
76 -84
8 18
32 -82
41 73
33 71
57 -27
-91 71
-77 -4
-42 -90
-28 86
97 25
95 49
-21 -52
32 -49
-67 17
-72 -49
33 11
-25 -53
71 27
100 -82
45 50
78 -99
-93 -100
32 -27
59 94
30 -70
-87 30
48 -60
67 47
-87 -8
37 25
31 75
70 -74
-40 -18
60 1
10 -98
4 77
76 18
88 19
-21 27
73 -41
90 53
-79 69
-44 40
-71 40
36 -3
2 -71
-94 -71
-56 -2
-51 -20
-41 80
78 -5
-3 -78
34 -56
-33 86
42 100
-37 -41
94 -57
6 -62
99 55
-61 25
39 -66
15 -91
-38 48
-38 32
-29 43
87 -99
-43 14
16 -55
-6 -89
-50 -17
-6 86
15 48
-46 -46
59 -78
-3 -43
29 -25
-37 9
-26 -45
58 15
-76 40
56 -6
55 -70
13 -12
-98 62
72 -1
94 -19
-33 -89
27 -45
-83 -8
-91 -76
-58 64
92 19
54 -55
-63 60
43 -61
-97 -30
51 -28
40 -96
98 -18
55 -96
-48 -4
25 88
2 100
-60 26
4 -83
62 -10
62 -27
-65 59
-69 81
30 -87
-86 63
-73 50
51 -98
-75 85
-31 8
62 -55
31 -74
38 -2
-3 -66
45 1
8 57
61 -16
-64 -29
-11 -72
14 -78
-16 -37
49 29
-19 13
-26 -12
1 -38
-86 55
36 -31
97 -47
-88 -99
9 72
85 21
-69 -65
81 48
-16 5
-23 22
34 -58
-58 -3
80 74
-5 -7
88 64
84 -63
-74 64
-65 76
-58 29
-62 -46
84 -54
-7 -91
79 -94
56 2
73 -12
7 25
-96 59
-88 -75
2 4
25 -39
26 -11
64 -40
-13 31
-34 25
-27 24
87 45
-79 -15
-65 46
-55 -24
-42 86
-33 68
62 42
32 -14
0 -55
50 -88
29 37
77 -78
-24 55
-23 -16
-29 54
79 -74
18 -55
57 81
84 12
45 8
29 50
-20 -24
-3 -52
74 -30
-51 90
-62 -65
45 10
-74 -2
-98 93
73 -22
-92 2
38 -10
44 -74
13 50
-79 86
47 34
46 6
-93 -89
38 59
34 66
-33 -68
-63 -68
-38 4
-52 7
0 -69
-92 -36
-100 93
-28 37
40 -43
-31 -41
90 94
47 1
-87 93
-11 -18
-88 -67
-72 68
-88 62
-16 13
-18 -80
-45 1
65 -98
86 41
-75 11
76 -20
-42 -98
-47 65
-11 -43
-87 18
-17 -17
69 89
80 4
11 81
-84 -49
-51 91
94 3
38 83
87 19
-82 -47
52 -23
36 84
-48 83
16 -52
-59 -60
-7 9
39 86
-93 16
-27 87
-85 -94
-13 33
31 39
-23 -26
85 1
-16 51
97 -80
32 77
75 -61
45 -83
22 88
36 65
87 -99
-57 -32
70 66
-22 68
66 -10
-57 75
72 72
54 -35
10 -51
-72 57
90 11
65 -52
-18 53
4 -61
29 -77
-85 95
-98 -50
-57 -10
81 -96
-73 45
28 -99
45 97
13 -45
-64 -33
78 -68
1 90
-78 -60
-47 57
-69 -46
-10 23
-95 31
38 -6
-41 -64
-33 -65
-20 -94
-46 22
4 -42
89 -99
-78 9
-35 33
-73 -94
-66 -62
75 -30
51 -77
-87 -58
97 -16
31 73
11 -43
15 21
56 -80
63 88
-91 -1
62 77
24 -80
60 29
10 43
-90 -25
73 -67
-65 -36
-66 -97
15 -41
42 90
-39 -21
32 38
-22 -95
-70 -57
-86 -94
-9 -28
91 1
36 -59
68 -22
64 -48
-54 46
26 46
20 -70
-27 -72
-100 64
-48 10
10 -50
-26 -3
14 76
-47 -63
-80 -74
-23 -70
85 -76
19 -32
-96 23
-35 -22
15 -42
-7 27
77 -19
42 -74
-79 4
65 6
1 -68
-84 -16
-16 78
-16 39
11 -62
9 -46
-66 -45
-84 -100
7 -29
-35 -19
-3 -47
-69 -16
-79 -75
50 23
39 16
-30 -19
72 48
4 -75
-10 15
15 69
56 58
-51 -34
63 6
-98 -7
-36 -55
-63 49
-57 50
82 -83
7 79
-42 -18
57 -87
-88 -6
0 15
48 39
-50 -85
40 68
-86 98
28 23
14 -34
83 -68
-86 73
68 11
-23 88
15 -19
-21 -16
-23 31
50 59
36 -26
-92 86
-91 25
69 -11
23 -75
7 51
52 -59
75 -36
-92 -60
-86 -63
-98 85
-53 37
21 26
24 -41
5 67
-10 -85
77 -7
-52 -81
66 0
87 30
-64 82
-100 -28
-25 32
65 71
-40 94
98 -23
-65 -24
2 -32
-70 -37
-44 90
-12 -33
-98 24
89 -93
-21 41
-32 -16
-32 -86
-21 -40
11 59
10 -2
-93 -76
-37 45
-42 -86
-61 69
-8 -18
-74 -80
-20 -9
-33 -56
-72 -53
-3 8
23 18
69 -42
-10 44
40 87
31 16
-92 -74
91 80
45 17
71 67
-88 -49
-37 73
5 -81
9 63
