-79 0
-47 -35
42 -92
-55 36
16 53
-51 59
-62 93
-8 91
-89 -7
-20 -63
38 89
-52 -27
41 11
-77 -74
-38 91
-77 3
-53 49
-49 14
59 14
83 -39
-30 -86
19 47
-40 93
69 44
26 -88
-78 72
-62 -42
-67 89
-52 41
86 99
30 26
87 31
-38 45
8 9
-49 95
54 -27
-68 43
66 -100
97 34
-47 13
17 -19
93 -70
67 20
48 -48
-86 -8
-85 20
-94 -7
-72 9
52 89
-21 -42
-18 -51
8 -58
64 98
-55 95
-51 -95
-29 96
-14 -75
-81 -84
-9 76
18 -58
-97 -48
-36 80
-87 91
-69 26
26 -6
85 -47
76 -45
-70 21
54 40
100 -8
81 26
-55 -57
-66 -10
-56 -100
-96 -86
47 -55
-35 -32
-12 -5
-71 -85
-37 34
-93 -12
77 74
-93 -45
55 -42
77 43
-9 81
10 80
99 78
85 23
38 -6
-86 54
-46 92
16 -37
-88 -90
6 -65
-83 -52
-67 -85
-50 78
20 76
35 -4
33 2
63 -57
21 52
-42 12
-5 49
-29 -60
-49 -37
56 -63
-70 85
14 -78
-18 54
-93 -83
-69 -78
78 -94
1 20
-41 75
-64 -21
-60 67
-35 99
80 -71
-34 16
-63 26
-81 -93
74 46
-99 -70
61 81
-68 63
-91 -27
-53 20
75 3
71 -24
-63 43
-42 -98
-4 -75
50 -75
-16 51
23 -60
-53 3
-54 61
-50 -84
-64 67
-16 40
57 52
47 48
-54 -80
-45 -48
60 4
-87 -33
82 88
-93 -79
-52 -29
-58 -64
-60 -97
-5 81
85 -58
-85 94
82 -34
-57 -25
69 -93
-77 1
21 -37
97 1
0 71
43 15
-41 82
40 -52
85 -45
-86 -45
4 -84
-92 -38
-62 17
68 -9
-96 74
33 57
-78 -53
-23 49
-68 1
15 0
49 34
36 -32
64 32
-4 66
-4 92
82 -94
27 -36
93 6
-97 98
-98 -15
58 -91
-39 70
-74 -67
76 -12
-21 30
-14 94
66 89
91 54
-68 -85
-49 -47
21 25
42 39
76 -95
9 -32
23 -43
69 51
64 25
21 -10
79 17
-21 -60
17 -1
64 -31
28 -63
94 84
86 -14
75 -16
-92 30
-17 -24
18 37
-70 31
18 48
-77 -61
-14 -11
47 43
88 -76
99 -52
39 71
-77 42
52 -63
46 -94
-4 -60
3 -41
46 -15
-35 -90
98 -7
-100 -56
-62 45
26 -46
61 -100
0 -77
-47 32
1 30
57 87
-94 -53
-78 -79
-93 -13
51 88
-55 90
78 100
-14 -28
33 -5
-97 63
13 44
-44 -5
-100 -2
-25 -46
48 66
92 -100
-59 40
-3 68
-40 -88
69 -49
8 -95
-19 -41
-74 -92
-24 -45
-18 46
3 29
-95 -3
-60 -17
-88 61
-94 -48
86 -22
-35 74
-61 74
89 89
-64 -65
-39 -10
-5 -96
-37 -83
74 46
-78 91
-36 93
25 -44
30 77
100 -74
69 39
-8 68
-11 40
49 -92
81 -89
61 -86
53 -61
-72 97
5 -45
-18 96
41 -83
-33 -26
23 64
86 -51
1 27
-44 -21
-55 69
57 -2
79 -26
-100 99
-74 46
-14 55
-68 66
1 -83
-70 94
24 -45
-27 -43
-21 0
-21 44
-60 20
-75 3
-62 -32
-42 44
74 -24
67 69
-71 83
-25 -15
85 21
21 52
-36 50
46 9
28 70
52 -68
76 -50
-20 62
13 47
62 97
47 56
-68 -4
65 55
0 1
43 -61
45 6
-20 -15
-91 43
-9 -57
-16 -13
97 -50
-55 35
-76 -76
-83 -59
-45 17
-93 -20
-66 42
-68 55
-61 -40
45 -41
-66 -61
57 17
-32 -78
-25 -60
20 -92
-70 8
-4 61
-94 -1
73 57
-75 -48
66 44
82 -61
98 21
76 -16
97 45
-40 -90
17 -66
82 58
-39 8
-17 27
80 28
-17 -69
-27 50
-13 30
82 55
59 -52
-19 17
51 25
48 99
-75 -25
27 -14
94 60
-29 33
18 -80
8 95
5 -46
5 13
-9 -17
23 71
-66 86
-18 -83
-72 -27
-7 -99
36 -66
82 67
-96 -90
55 51
-96 -21
33 -72
-59 -33
82 -63
52 -74
15 -76
-76 97
87 73
-8 94
33 -26
-39 100
-22 52
-26 -45
8 -57
-95 22
-57 -41
61 -98
1 62
-76 79
-100 2
36 -49
6 -60
-65 -93
82 -87
90 -30
-41 -65
83 83
93 -64
46 -100
-78 51
-8 19
-71 -93
-54 38
-78 -82
42 13
78 10
16 58
85 35
-30 -15
-67 41
-55 8
-64 -44
39 74
-7 -74
88 66
-18 -93
-62 35
96 97
-95 5
-10 -53
56 15
63 -1
-90 -98
0 -81
95 63
94 11
-55 70
52 -37
21 74
9 -13
-44 61
-61 -8
-52 29
-22 84
78 47
10 -13
-61 26
-20 91
99 -59
-17 76
-96 0
-48 18
100 -41
60 53
63 -47
-44 57
-2 -14
94 5
43 -66
-88 -40
84 48
3 -27
63 21
-33 27
-80 6
54 -81
-14 63
75 70
32 72
-23 88
92 88
47 74
33 46
-52 -55
10 37
-22 94
-6 -90
-11 40
64 97
90 56
-67 51
-57 6
49 -12
-5 44
-66 79
-38 12
-92 46
-74 0
24 -70
79 80
-69 -50
-13 -48
66 63
-25 -100
7 -13
-98 -79
-41 92
-49 -75
-21 -36
53 68
97 75
23 -8
-55 -13
68 -65
-35 -83
-10 20
46 -31
-11 2
-45 -100
62 77
-31 -91
-52 -23
-62 -99
-29 -62
82 99
-54 -38
-75 77
-57 -97
-22 -94
98 -25
-26 -73
73 8
-36 -98
16 58
20 99
-42 -76
66 -82
-30 -65
96 -72
47 -91
17 2
54 -76
-3 56
-13 73
43 98
85 72
19 8
-71 20
31 85
-92 98
-33 -15
-60 -71
-69 14
-93 -76
74 -32
25 17
90 -84
-10 40
11 62
34 -55
-38 17
98 -100
71 25
43 52
-33 54
-75 -51
66 31
23 52
2 -22
49 34
-56 -48
-36 -29
54 17
92 39
-97 6
-44 -71
-98 82
-51 25
31 -49
22 -34
-96 0
-89 30
-53 66
20 -33
-26 13
-60 91
3 14
68 70
73 -88
45 -62
2 -69
-40 -1
24 -6
-6 66
-48 -25
