30 5
-81 76
-85 -19
21 30
86 -43
-37 -76
-25 2
-14 -44
86 53
-76 -74
9 -36
-45 34
20 -38
-67 29
-84 38
14 45
-98 -58
41 40
-52 60
-78 1
-87 2
-32 45
-59 -8
-96 44
-86 58
75 -81
95 -64
10 73
93 -10
98 -55
81 -39
51 -20
-27 68
9 85
-29 -15
-71 45
-43 -8
-93 99
30 11
-85 -96
60 -85
41 55
-61 33
36 -90
24 -76
81 -67
-48 83
15 -17
-41 -56
87 91
96 -7
-82 -58
40 -8
-83 69
-39 -78
-48 -36
-81 38
55 40
30 -43
-49 8
-3 35
6 -41
-35 -84
-49 72
-63 1
11 -47
-6 89
61 28
33 -38
67 -7
67 -71
58 41
-30 42
-48 -7
-29 51
-75 -7
-96 96
97 64
-80 -91
-91 -96
35 -61
-26 5
89 -45
61 99
15 67
34 61
2 -21
-64 56
-74 -36
-81 91
4 -21
94 -4
-40 11
-77 55
18 -56
31 91
-63 -10
-43 85
5 -62
63 -74
39 55
7 75
-52 -72
48 -93
-63 -34
46 90
-70 56
-40 -2
90 93
-65 -80
-45 -79
24 -94
16 -1
4 -98
95 -5
86 -81
40 -61
-82 -43
-22 13
45 60
-55 50
89 76
99 87
-64 -61
97 42
-46 86
-20 33
46 76
-58 -45
55 97
34 83
-53 45
-60 92
-4 -45
-28 37
-19 -57
-35 70
-6 -5
-21 -99
-31 -3
94 45
34 32
-7 76
81 64
-71 -46
55 -17
68 -2
-4 -27
2 -34
-24 -88
-76 98
-42 -95
99 33
90 -100
91 0
76 -79
-22 -32
38 -22
-43 67
-11 -26
18 -10
-50 27
46 -25
9 -24
-6 0
23 77
39 -88
28 36
-95 50
-69 82
88 98
99 35
40 -40
66 -74
18 -36
-8 3
64 80
-47 -2
-46 -14
71 -19
-13 78
19 33
-50 41
54 -37
-83 -92
-63 64
46 32
-47 -87
-80 -29
-35 52
90 59
90 -86
-14 54
-63 -15
-97 -92
-39 23
-93 4
-10 -49
76 54
-12 13
69 69
0 97
-97 38
31 -36
57 -22
72 -65
