82 98
-89 9
-15 -91
-99 18
88 57
58 -96
41 -6
14 11
-80 26
-96 87
-58 -52
-70 -11
-79 100
7 -71
-16 -94
-60 -1
-67 -3
-2 -47
96 8
-72 24
45 -63
-3 68
-27 -92
46 -10
-1 -39
-56 62
4 -92
68 38
-31 -36
81 -58
-11 -43
-89 5
56 11
17 34
65 -73
-60 18
72 13
-54 -35
-98 -7
-92 52
-83 -61
89 -19
-85 19
-43 24
95 -8
-80 -36
51 -55
38 67
42 17
-29 -76
-24 -42
12 -35
-94 98
84 -73
-13 -26
86 78
42 -61
74 -12
-47 18
80 -36
-67 69
97 47
48 5
-65 -67
-61 -69
80 83
-11 -21
78 -20
21 -50
-48 -40
7 14
-54 5
41 -69
21 82
-25 -91
65 -2
-34 46
-70 91
75 60
9 -59
13 -19
86 72
16 19
-1 -7
-53 86
-82 53
-24 5
-63 82
23 -21
-29 -27
77 -74
-66 -99
61 -80
36 57
21 -80
-41 -100
39 -13
98 6
-71 -38
-86 25
-79 -77
-10 -65
54 -49
-79 -49
-8 46
43 -46
13 -95
28 44
86 79
-12 36
70 -72
-47 8
18 39
30 -34
-35 -65
-51 -4
72 -89
-27 11
32 99
-5 61
-65 -63
-65 -23
-87 22
-83 -19
-100 36
-32 54
-26 61
67 93
-37 66
-64 -1
-30 -15
65 51
3 7
22 92
-37 99
-50 92
-20 70
-71 -4
11 -85
-77 32
-44 -40
-41 10
2 -26
-56 -96
-75 -73
-41 39
-70 75
-33 -89
-15 -4
-87 23
-71 79
-39 -70
-95 64
-69 -31
-36 29
-64 53
-35 60
36 -22
38 -94
-95 0
66 94
91 28
-29 -57
50 -91
29 77
-74 -14
-48 -12
-72 13
45 -52
69 -99
-59 -26
43 -25
-56 38
98 14
35 61
55 -41
16 13
-39 -60
-4 95
95 98
82 -45
-39 92
-86 42
43 55
-90 55
2 -23
-59 -44
26 50
-15 64
-26 -55
40 73
75 -53
-75 -71
-18 -49
-16 52
9 4
58 91
-52 82
-63 -13
-62 95
-61 5
93 -63
57 -21
64 58
92 37
-22 -53
74 -54
26 -50
76 86
-30 -36
8 70
-33 11
-3 -56
21 66
83 -5
17 -64
53 -72
48 43
6 10
-99 68
16 54
-38 3
-31 60
-64 11
-56 18
53 23
-70 -56
61 -47
70 -49
-64 -43
-28 44
44 -67
81 -48
-23 91
-81 4
-6 -52
81 63
-57 -39
97 31
-48 30
-63 23
53 -65
-20 87
24 -97
12 -73
-1 59
-49 48
-34 -88
35 50
-38 -39
-20 82
95 57
-31 79
-91 -9
-9 -91
-58 -23
-76 -42
-79 -47
46 82
-22 27
-52 -57
-100 -50
96 -63
43 -66
-65 -8
35 2
28 92
-53 22
36 32
6 -60
22 -42
54 -73
92 -17
-66 -84
90 -60
44 -24
38 65
67 -64
-8 -77
-75 -78
-4 0
49 11
40 47
81 -70
20 60
-76 -76
41 -61
-91 67
64 92
40 9
-51 66
-5 -48
90 -58
8 10
89 22
-78 -91
-25 47
-83 14
92 -48
59 -43
90 -52
85 21
36 74
88 2
-34 -47
-82 46
-37 -28
14 -2
19 -43
96 -81
15 19
22 -92
81 18
65 -66
-79 26
-72 -35
-52 -16
90 9
41 79
61 -67
-67 -99
-6 95
20 36
40 84
-24 -54
-9 26
63 17
6 83
-82 -58
59 -99
42 89
-9 -47
-54 -48
-9 -68
96 -39
-47 64
-97 91
-80 -42
13 55
86 67
84 -56
10 91
65 8
11 28
4 96
60 -47
-68 53
-88 7
-58 70
18 26
30 -29
-1 77
2 -100
14 -52
-8 -86
92 48
75 -62
-1 -27
17 12
-71 59
33 57
31 -40
-63 -82
-19 -32
57 72
94 33
-9 -23
34 85
-44 -31
91 -56
-69 -67
78 -56
-42 -53
-83 81
-13 21
-73 6
87 27
-49 94
45 -44
33 -88
86 71
100 97
20 -58
66 -91
98 66
-43 23
-1 42
7 -63
16 -51
85 -64
-28 0
-32 -27
-55 -73
-5 -58
55 -48
-33 34
-33 11
19 -27
3 -40
-60 46
68 -47
64 -2
-41 84
11 -92
-9 -48
-87 -59
60 54
-47 -84
42 26
-78 6
-23 22
-91 9
65 50
-94 -80
-71 -75
8 -76
-94 73
-3 -68
36 85
-38 -34
-56 6
-50 20
58 12
60 -4
19 10
-52 -29
-43 52
-29 71
70 24
-20 97
68 92
20 -100
-95 24
-75 -42
21 -86
-40 -99
-38 -39
-11 68
-65 54
12 -16
-40 -27
73 -52
20 80
-88 9
22 -28
49 63
65 19
81 -90
13 56
75 -89
57 -10
-3 10
-37 -21
45 -59
-78 85
47 -82
11 -38
53 -20
11 -93
-13 98
58 92
-29 78
94 59
16 67
13 -94
84 77
24 -81
-20 -14
13 14
-16 18
-26 -10
38 -25
-24 -34
100 11
-40 69
-90 80
9 -46
-21 24
40 -72
-50 82
3 -53
-21 86
14 12
-88 43
-26 -78
48 8
-49 -19
-81 1
-44 50
-69 45
-53 48
60 -50
-48 83
36 -60
-60 6
-72 73
-51 -44
-82 18
-70 44
-71 15
43 27
14 34
8 53
86 -63
-9 -100
4 -63
-1 -30
79 -97
-48 7
61 -62
-79 25
-58 -72
-57 21
-39 -93
-19 -22
0 -57
51 -87
61 8
-35 -74
7 -3
75 -39
-5 -87
94 -37
48 5
74 -92
24 43
-84 85
42 -82
100 7
-70 8
-10 60
-47 4
15 -80
30 92
-23 -30
28 84
-36 91
