-67026179
-44943094
51447370
28719167
-34186280
56819919
93231241
-90759345
-56048688
-30735471
80405806
4961361
31799761
15948627
-84574021
-8570615
48565122
48058048
-14955780
29051926
74756168
-15160141
-67209789
87195915
-36862011
-82263207
-28576875
-38522246
-72567267
96850749
34230115
-72637838
-75857140
62060274
28579750
-43349633
-91531445
36406773
34913380
-67760178
72245602
-74215648
10460516
82098685
35829129
98998652
24748342
-84754024
-2527453
-25099291
8715643
77359664
83796472
-25391993
64404260
60052459
-98115858
-51192946
-39235097
25132892
-99313192
-32966322
-28279593
-25361670
-37998727
-74689558
-93276626
-51684750
-35083773
24901281
44202876
9480087
-45847157
-21211577
59663024
-9076650
-22166476
35616756
-38961739
46836624
-60375971
-62249603
44766545
-15024593
-80580373
-19326994
46616599
83290291
-66201884
-78865234
-59422749
-48847567
57486960
3575084
87295185
-34704762
-89955340
39057879
-4697225
-54588244
-50081559
69930508
84793313
-12133120
-21680011
99343059
-38566315
-13881398
94112789
97738849
92729823
52318477
-14679330
10637093
-33845219
-27550978
-15229513
-31187272
61214350
69559441
24853217
-17229678
-29649751
60066531
