-84961242
-76321271
-29537534
-82588213
-67988947
96493701
-58314912
11236873
-11976194
-36368561
-91248225
90691444
-99456826
49383550
6486433
-83790127
17766879
25550287
83313819
-38215309
61475717
-98036838
52503004
-7127046
24843819
1236493
2662961
15350051
13346721
72355046
43794887
7460301
-58793743
-95473540
-93875957
-18937914
6514557
78007939
36683394
-16200936
88326376
75427067
46695460
76170534
-85857339
77552656
-12767269
3955599
-19483020
74667356
-63434498
-67204159
35726312
-76264330
-32783486
74592944
-42466875
4186633
-29962129
-68053148
58054826
-36791019
-72165311
-73938777
85919095
95869673
-75697508
-67184434
22680209
4443181
-33975733
-4231289
-70490430
-61615341
-55219424
-20513033
41592984
-91029267
-93330183
47103125
60947146
32529079
95628524
84255629
11145727
-20649762
-10480348
-7849534
59363812
24066873
10916418
31055664
43093980
-95804615
-91233406
-19235728
67824516
-64690629
56730008
-60070561
58147444
-9477919
-70912725
2117716
22364736
-39413419
-6108926
-67633221
-71300131
22518861
-82536239
55303350
76518039
9498852
66170287
-38713585
-55553086
34273773
-61384614
83534881
76779030
-29548786
81854260
59145619
-96934522
-72023541
-60288327
-83365319
58829035
-35693859
60629654
-40381808
-97479886
-62799407
98072240
-67330733
-77990241
-54459829
-12934966
-11340190
83751309
98672454
-71358783
9674407
30657366
63043373
-27819757
32379428
59720073
70785591
47130307
1859956
25034103
54085259
-45070016
37029008
-5017672
93546528
89824415
69117288
47669985
-59420799
-19598691
-25196562
-49897029
83443221
-5957546
30756472
36975382
-15157626
-90555062
-66771993
-14126271
85919494
-29784594
-84315280
48735779
8591540
94554430
13448571
-52606081
7054533
75291851
-60229820
39899252
-63087919
15154302
8959166
1775360
69658857
-85053767
62669844
60977938
92644405
93107923
73430169
-91042642
-9983363
78717504
22216743
84478375
-44197563
56524859
72066437
35514855
-41520086
