42107655
-60121065
-75637697
75766904
37597345
58165108
21863601
-72468606
54196042
-13465961
-95589382
-15411957
-93838680
-83890275
-49953562
93898251
-92826277
34446304
53810045
7684969
91061962
93181487
-55416938
-33091414
-55898607
28387693
38943984
53568816
-89629975
-31014833
3948405
-62055615
-58314859
-42373874
86560802
-95218292
1555454
-21345451
26962260
-98871198
36871903
71437869
-24269590
-60232494
10184960
36326890
27415062
33116013
-1039681
16610845
99410801
-64591956
-66679893
-82577620
-3548074
64272258
-72966
-31695506
-78508373
14429811
-88200644
35347924
27594848
-75531879
74939765
88511126
-31618550
-10352583
-94963115
-54722970
-46866697
-73530919
49027536
-62925587
-80754836
-79442609
-46253391
84536697
-84965451
-96868714
46328527
54595919
-81889073
-98149160
47859462
-10566548
-12312228
7425735
-81370937
-60028765
-65688799
19475546
-80717575
-88834813
13486308
-55019820
-43115765
-88410143
54730484
48270118
-56194918
63883014
-68540884
29051867
91486509
98306220
-83015572
-74188606
-92636307
-46287436
-22903725
-35861837
-60457919
-17304073
66703804
58500101
-16132512
30415292
2119981
13823943
-31542571
99344073
-24300398
-78219592
-48803226
48374679
-96101543
-42693873
83944901
-24446900
-12360731
44547375
95533050
99388962
40325782
56392718
-68626121
39724500
-23248199
90653531
-16158460
35699413
84476778
-62596038
-24628632
-26271788
37391055
-82654401
-62489751
-65061108
34821169
30013989
-89379323
-15471396
-65901598
96845194
15905825
82327567
-8900939
56531802
49591003
-33300534
98622717
-13257253
-59526592
83174639
-4540531
99555206
-78165198
-45177355
53689682
-17714750
-68354093
97838096
-82409372
-27611277
-64867997
-78982615
-25347838
-85709308
31195101
-52379204
82287160
-69900191
-9911322
-5589493
-58249617
24111781
74430500
-41592245
33652959
-95605582
64052894
81499004
-14914820
-54071464
56031386
58662197
-55437435
-62830250
78328320
-60882696
30779326
57626536
-43951598
12409391
69951748
94993541
36243479
-84546202
52963564
87119268
42467116
7887230
35155421
-85982689
8793191
-54304413
-3211877
-3027625
-76957476
34424109
29072912
55421233
3825513
-91290334
-75079225
3821884
-98182063
25770826
-21661766
61826159
-96846366
18708229
-47101699
-75638537
-28079906
-18497488
94222130
10404214
58947372
-53817443
91018021
-33096762
-79447959
77037036
-46490809
-93829657
-74898146
48203545
-74781101
41787864
65309607
-69913404
4013906
-81347608
44087490
40113367
-19428960
-62680242
47883547
-95719147
80489838
24185983
-93384159
56899575
89821614
28745648
69625294
-15905239
6104258
-69236648
21409590
-29125501
-96624913
63929561
27243068
20759027
-48424922
4465355
-25125567
14416929
-78029414
27216836
87023495
33936705
69317112
19707543
-7854958
-21069250
28463455
-85018552
5666354
-91187478
62481207
-98691606
40288196
-5266570
-8981873
-53087085
7314270
-8616715
6385083
24871658
60966815
-98748282
-32111238
-646788
-4303785
-82132633
-10057390
38195950
82900954
9304591
-86034780
27040756
-29837811
-29724633
25114899
-93445801
83606568
2190558
53273802
20768134
-64367516
-82033387
35972863
-64450249
-79868413
-14852389
-45822071
96395478
-50828669
-50849581
86199799
71859692
-77359682
16477001
-10835596
86447158
-29084796
95399339
90720516
-49825470
-57440609
-48722294
-33689309
11703325
-73016489
-79865109
45243665
-47019473
-71311266
103320
89273193
55016421
-66314236
72803725
-18097568
-91847664
63864271
86549727
-40610970
26798273
95110192
58914087
10671399
-90323954
46062836
-80191319
44807465
11928580
69068709
90334498
94359706
6435735
-85130787
43566292
-26269513
42949644
-11994032
7949672
39607544
82811522
15861139
52100109
85491105
61278007
-70451618
24112537
-37504124
-40426176
-18871624
12671404
-21574812
-81461741
85382328
96195687
29059915
21491638
93043853
-22640915
-26581178
22681702
-9046475
-55205301
93085061
40531877
52305664
53585610
61666163
4903004
-16465815
21261397
-36394148
31244732
-7167871
71810140
23225759
30994487
-97623871
24829181
89826698
-56061251
-268864
-58829429
-47253695
89634567
91254375
57375506
-3864821
27052356
66995849
32780219
-10433133
-81013110
13959581
-29862307
-37173790
-86819616
-70083238
-55352236
-94656870
9241490
-12627884
-25733853
22892145
25163399
-67445204
-5138136
-24985909
-8028383
35438174
-48934486
-30954736
13634555
-3010069
44302734
7685744
-38525648
65112920
-72430983
4590780
-98762562
18950356
97905638
-80940020
-20835701
-64643126
-30096214
7850217
10166834
62699662
-21491137
-37335389
70470310
35646780
56736659
16436654
-88263871
84459916
-22299246
89274995
13774018
83198452
-3872328
48959894
70408069
52934009
-67040995
-67213171
93404797
63307606
-11571393
-60002025
-7869128
11483119
65434435
-10960585
-28455155
43481651
-8391529
32011386
-81859102
15611132
-18950244
-23178675
-68278401
-39270785
-4692374
44046626
-75744080
-38389824
-84666377
-48703808
-30950436
49666462
76259398
34934515
-63027927
-9811539
-911342
50746832
90533996
-1294371
-48469265
96479735
76452852
-465692
28673149
35827039
59332752
-46902943
-90285034
-32911516
27168765
-73286922
-93048515
16986635
15544217
84074314
-2912732
91639900
87365159
82929969
-81003329
9126027
-12459685
73493546
20540756
46440752
-69129030
-32657981
-51953351
-10983419
42589294
-70521661
-9658563
-39248255
64211916
81018790
-91141459
392609
20044635
39145776
81031019
-63060089
-1195963
42632716
57966266
16751690
-64347729
31698653
-14175352
65167242
-82455439
24193384
-20045905
-83644322
93518946
-83250680
45272146
-59738423
61182297
-75658786
56483030
-84162508
11465419
84213055
46527053
-92079997
-44341897
-57524670
-55271636
-95432043
21680617
81327237
-98440878
-11334507
23890316
67860293
-87069108
7552345
91512557
30211888
83283724
-11059415
20189625
13645782
-1846829
-92988485
-30779684
-90953753
12818388
-74197676
66273605
-75763487
-93235464
-43452084
-2938593
54773223
93269779
-40947939
-91483496
-33348221
-81814785
-59048675
75846350
54043220
19496099
-11506519
1647557
-64877293
-56400878
-21062865
69109331
62215020
-83281753
-8945863
-95753148
-16042539
9304529
-94653577
-39577167
97618349
13540543
23738871
-10951696
25506770
44296716
-96025515
89089900
5296694
30537312
81242645
-40993857
-43376570
75595548
44320707
40243052
9283769
25184695
-93315778
-65212287
-56287631
37897924
-53688589
-92186553
5885849
-98536304
82734400
2367462
-79177113
42726565
33733274
-57905681
-7176264
-61507776
-91752183
66803109
29152713
36587051
-60113249
15104065
8795669
-18603540
83898364
-46041938
70351709
30257025
-79104550
-99029437
-74805685
-38916072
47677344
-67477638
27242034
-10733234
-65894681
91316235
61202953
83167094
-70489208
33002349
96635697
7071405
31595400
-15204668
33320199
58671583
-77376792
-2917666
80617988
58182967
-57088824
53119730
-22076601
-33965189
-13732125
-85530298
59728701
-75679568
73257772
-38794427
-79638740
41720074
36821306
-20099559
95205123
15534159
94230066
-28291838
-63606663
84918170
-53610763
65101828
-83961345
37842298
12554141
83528960
-97098901
-28249434
73943458
-48517622
44837207
37693880
84450277
-22007387
-70605949
32487501
-96845398
-55357171
96456093
70703171
-16868304
309246
-31528986
-1757711
62625898
-88638930
-85222736
-21058156
-61270478
-18075916
87870715
-23953679
-17327637
48307933
66077861
-63386482
22433266
-60843123
-5761197
94063945
-43945417
66093348
46255836
88264525
-57125339
-76113202
63088262
94619993
-15983898
-22698614
41871489
-59188370
8061916
-57367845
-94269264
50486123
-38184131
80374819
-82924043
-95820585
-29742095
-26579515
-83608418
-9241129
16922014
49026374
-57463186
61939054
-52083144
-3932809
-17206753
-14288427
-33727121
-73270305
-45003210
88197150
86001927
-61212311
64219177
-25740038
88062264
73109080
-79350853
4269401
-87404435
-98480349
-35022060
47961762
-54048963
13041017
83287043
-43010020
13688648
-33402640
3025059
-8605420
73398123
-38417472
47597863
-23709296
75503248
-61273158
-82978028
-23012039
42408240
87669702
96746144
-11190904
65681093
89454356
-86150211
92209886
87290594
-11867333
55657786
89115555
40798117
40642297
22719126
-39316894
4018210
31260345
-66758595
-8123525
-68282965
-83142066
53439388
-18631980
-233048
48894793
-54598125
-296315
82286466
-20814820
29018947
28571839
-70820805
71549399
-17408765
-34871725
-20379451
