-31182253
-11443303
-70663378
-67605615
-49424827
20327451
-50889259
-38197349
-71831793
-56904683
45909326
77169211
57801948
-98826411
70087924
-71021152
23054328
83419419
85948608
25680558
-50933338
-98599028
-85244978
17754884
-8662098
-32715831
-5271833
65563792
-81786844
-67931435
-35942000
-57242367
-15417720
3643070
94439617
-78809164
-48111673
-58177455
-24465434
-51527880
-43395557
-32712120
-98017093
5764509
86643581
27756697
-54075454
-83965343
-94476488
-81128050
-27420067
2302728
34185426
75102447
57701597
-63433941
-30049816
35385831
74344895
-42985528
21179568
-82421447
58939453
-63023884
-52477178
-19785415
29103622
-1050546
13365151
69562438
2385751
-18065707
26561960
-81744487
55095457
13976300
-32333554
16884660
46474565
57825134
89153094
-71340604
50492179
-31185138
-63134749
92002869
43609109
-33655684
-13091769
37275257
57617208
-4758098
-21797295
9893665
69885069
3134420
-22381909
-44437517
-28911941
-55603688
-45104627
11522487
79042158
-80076825
-29618742
18253226
-92514049
-72080669
-10545239
80854216
61866908
3629163
-90803187
-34332486
23577725
-60470230
73028882
28540671
-99688159
67897695
15573015
67505975
-171744
-27083361
-75975974
45900284
62347089
-23761325
96505234
-21292721
-40279932
55647836
-66549114
66529412
11776473
-49333456
-62502782
6261862
91693083
-25420440
6446919
-19816694
-70959222
-26320960
-7340388
-46214524
-57056478
-33778487
8639146
74020576
-79073653
-69573370
-37537540
-83789432
74497855
-65297372
15809784
-64237775
92121101
-45353051
-98727941
-49165359
23794567
43007138
99468518
37048392
15038994
-90513695
63810201
475170
46173504
57921907
74850999
-5714541
-52404293
-52137205
50809516
-74753634
35144485
36792299
93330354
13602043
-39597981
98548279
-13160342
-45067531
-5901712
24317598
-8275683
64801090
39985390
85549023
30307538
-34086092
-78735813
54577637
-82375904
-87678627
40920747
-71945269
-49694057
39341471
-9483041
49007853
80251253
64981140
-16843625
-88750186
-91189451
-44228918
32624512
-64878390
-30431317
38395483
10528649
31805719
-43731777
37851478
-89341025
-4600520
55837565
-96810315
-85663794
22137219
828726
3415981
21930491
68475059
-67816792
86355487
45909260
-21220987
66327250
-88428507
29638366
38602697
-27940452
-72756116
-5608346
-56713158
-81232660
-51419017
-9238817
-36099458
72398626
89543503
-41328136
-50152933
53672474
-79086829
8845684
-378222
-13734030
-42750363
-50101539
-89188354
-82056739
25644855
93359389
-88072133
47682611
35749082
-36566793
-60088507
96016487
-57337660
-31900945
51008949
72019622
-11298576
70075945
70985190
67130146
17986192
85485546
-99849929
72733475
-40170611
-85874362
34871411
-98629020
-61505935
84478911
84848261
28464640
77033971
-770396
30712367
85671939
45547845
-29939462
-47073014
71409285
42369651
27347401
-53636392
-24383607
85759421
97007362
-63581389
51539365
55640264
49238044
-79230639
-45228929
20100939
28713257
-42733612
-40533272
-87613502
-19996279
-17171710
52701726
28135252
82314594
-4167271
-76195216
-78812551
31549627
51450184
9029690
-69022379
-26607041
62211664
84282734
-14288329
53716338
507214
28298787
-41415410
-70005701
31865195
-39480164
55894849
-39968760
56917003
28835519
86901861
-78077513
-77617637
-83014902
52765294
66833018
-73999386
31307437
-32973837
-43781111
56980013
92361307
24414208
-10984644
-22548193
79187091
-38906498
40837096
36274243
86289847
1040607
19119208
-33060822
-36248273
-29752387
-15935543
66986057
-78118691
-26320809
41889554
86038762
9406942
-72710311
-66762906
-14558319
-9173132
-65400529
1750613
77772118
-87587813
55825539
-92103700
-8352247
-86863064
-2348880
77605667
74976701
86615820
10785489
69663476
-35198178
67041000
37678130
6608392
45405074
-78372733
76663563
-52606428
-7856025
84950301
-14678881
62289034
-95755668
-76962958
-15647494
85469341
45632754
-4745432
-335760
-10612153
-94988982
50580267
91198362
97674923
76173244
-16300876
1226091
-75991989
92104514
-55825449
53629895
-44077746
-20807098
85382440
87495933
-54536900
-58315710
53831006
-73344636
73988005
40446336
-5494422
-51397759
37963128
36256277
-33993430
70339063
85504120
-29889940
48547651
-50607056
-691112
-67516784
66952914
68118600
-55254552
74164961
4822266
-6108193
-75101618
97721521
99299853
14423595
-15318443
-78318709
-83792143
-43708884
-30183124
-70566470
11464790
68650789
-53145777
-36121042
12195505
-59433944
-90263705
-8103965
-27848670
-38004059
48026661
-5762673
-66156340
34544515
-47690373
49487941
-44288411
-15578329
-42723069
-82797490
24380525
-76661386
72857331
-41450556
74574866
18600893
2046391
38420070
-39763276
25546563
-18644556
11000743
37015569
-67834158
-63027971
-16938801
29980381
69229986
91457293
-45328036
-49357583
44889233
17171512
85702824
-60524619
94752398
-62598576
-31289710
-48855403
21785047
28830430
-90184981
58674567
-21723196
-58766362
-97896953
-42198330
61111969
70310591
37667735
-91845185
44022605
-57096941
-83166487
-69520328
1302104
-46477810
-67380359
29734540
70095058
-70887478
24942941
-40151084
-87067535
77732027
22886958
6359713
-68508101
-47713935
7119262
38320621
46710888
-47744229
46357045
-83819490
88855451
-19396165
51804843
-75366693
18286829
-48200685
92643993
70468483
83352238
-56993660
-76626790
-58066034
-58987039
-39058064
-51714213
1583630
-34127103
-15873321
-258646
10698956
63100271
5705370
-97671439
99716488
21113491
-56490961
-18241229
1593648
86677703
-8564143
86488364
-42696246
-79117725
-65964120
-1509978
51747803
10483815
-58190603
-57625543
-29829303
-62294184
80750359
38582484
64854497
61048146
-74887833
-90062746
-2230385
62481767
-879959
39183415
-86931434
-4278126
-92177146
-24581946
-67291331
-56426585
45893628
56373180
78313323
-26250213
12727445
60002822
-76577058
-57077053
-75036547
-49253901
11260736
-72060028
-97909442
-93832005
8846068
-15356472
