-87075677
-2230643
-11270303
53016490
-37967439
-13203486
-37854699
81190202
85668644
94380446
-79832299
-13396365
78421501
50328747
-56408977
-58571996
32929562
26585101
-73208634
-81717272
-31378156
40323030
76158193
-63399000
-40203216
40040908
92398831
-87526380
69850842
72591326
-52515788
29919720
35942895
-33318688
-52103125
-62702075
-18039607
82687600
-71303806
55548575
19274042
6700837
-25222780
70406317
-83692320
-7766885
6108657
-8741219
-7163190
-78517284
28516845
38920430
42263347
6442902
-50494958
80494626
82052138
-68988368
13752495
-6397696
32879024
54724930
43864049
-93197195
-1867119
32374978
37565770
-39522605
-58666566
-27756814
-9452380
-77355034
-83096406
83437344
84327608
54292750
-30363658
-78927968
-95026199
77640162
-95306230
-75917257
-38225260
-29547257
40397639
64968733
15826312
8372665
-11479346
-23663031
-34325298
-67174539
-29080987
-47160753
11767043
-69943051
-23866977
172266
23367630
-1118203
55225519
-8478190
-13812841
34479965
-5945442
-57464952
-1205840
98390717
4760606
75674316
33178626
-43248587
-86149050
54568619
-54305695
79107703
-37674846
70823082
-52723830
60875763
-64571618
26541595
-45330669
-3053355
57904701
37153223
-87871420
21719502
-13107971
-12835255
33747967
93800099
18438046
-93467529
-17933613
28724699
-82732096
-53289998
19934518
62566823
96153755
-39482623
-81762606
-52956032
-96060241
92019220
-66659807
13468983
-85284206
76388064
-34108357
-72340216
-92482660
-45498992
-15913006
-34989898
-40323546
-60787097
-71024470
85645144
11229355
-38326941
80957040
45089161
16708765
-72786630
-54207373
-24423860
-92595879
22103576
85087452
16317030
-67454669
-68441778
13590023
-91062976
59514296
-42743173
58455173
81165558
-88141421
-66968837
-72760363
96117714
-10936824
-73208844
90002873
25837235
-24162086
3057069
-20101874
14949998
-30545165
-38046705
-46091457
-35356180
74741278
52956337
-70445651
55770228
-64691939
82466640
7839607
60297905
-52006202
65203528
19960235
-4239
7406714
54728923
95005430
-95667226
34763957
4841012
1018541
19221953
-24121417
-85287243
-78090940
78234830
46573380
57908150
86754066
12595307
28335038
29977566
81084608
-58776955
63191050
-35976096
-74930160
5423316
26495975
-31455845
94681540
-77219269
-4337895
95700901
72751280
-83596813
-94123581
-64755287
-24804533
99849697
-16179915
21256178
26655572
54900210
42385675
29512846
-35993444
67495735
62364285
-3579670
-39678736
-72839376
-11957829
-71617349
-80396129
-85408230
64727796
-85008986
63992081
-47849549
-37143263
-28997110
-35935649
91072631
-38311084
68305409
-99012290
-91936279
-82092561
-28330820
53902916
8908751
-85979257
90913097
-4344460
22593833
-87833867
10798688
25946872
-58902233
86608539
-81309197
-9610769
-23424615
-33060525
-3979067
379312
45605251
48166064
41087520
-28641606
-22208905
3167828
2879868
71848836
50903696
-70184633
-96364829
81733174
66943321
35946509
-90342094
-4398852
-12847488
-55397857
53658361
-7118776
-78042457
-81127771
-37381895
-74266307
21041191
-22421398
45849077
40934403
-56327010
99807090
67268098
-89854896
50284150
-6583388
70663291
59157775
-82088402
75206906
79713186
-61278563
37352130
46936106
-51514974
-71396175
-76847499
96186736
-89782945
-63461783
1081688
41936948
37562652
22900661
42689163
93795728
-73322787
-88805860
6511506
86042885
-73939565
73352394
1522667
-5528275
90314889
-10309674
-46101352
95902408
12535172
-83849333
64755195
95650421
-99102886
-19985625
-69950149
40638514
-38498041
-78715675
30049208
62384001
56270970
-99925048
-74674388
-99832611
-96666932
72913634
65055943
12553423
-92977122
-74170927
-26415434
76557519
-73291291
92136914
6757751
55119633
53629009
-41258740
-64705643
-13201167
-79641470
-8231338
10060078
-53623006
41684598
29303467
-10402604
70025834
49436778
41983503
89329892
3222402
30694525
-60928995
85623366
-91213544
80858672
-24271450
57628471
29985725
10624669
43436640
84221869
59200712
22022466
-78188443
-361785
-74989531
49637789
13719325
62588576
92267281
70243003
86025489
7194525
-62643776
63409351
-95796212
-78248511
56910319
47122545
86536305
-90085166
11429056
83695555
56255505
-97553059
-48710711
33743081
71613855
-17735068
-31213687
92697667
-98259596
3930626
-19819981
-28960683
-90577333
-91094854
52655382
12858639
-68879567
10161678
-87712156
92226109
-40933646
20368545
-59453093
15979814
8919325
-22871933
-8788344
-82253934
35930478
-16515286
21143513
-81831038
-60923912
85463818
-60713460
-59019789
5486162
55489654
7456738
-94898746
-72791022
-67821840
31791555
44925097
51094018
-57966320
87190892
-89451166
46621596
-45015305
68610748
32485718
44354308
42520936
-36701897
72894706
-64738
-58003860
7575314
-3330187
4034096
30502069
58259282
10164968
-63224500
86434446
56089110
76399282
-92763485
-46445856
-60365083
40306268
-5588871
91403971
-52226513
35954743
-24493944
-62640654
-80498155
-85089415
71314526
-81166899
-8494107
29721881
60807266
41316129
-42426719
65950
67824166
-41298942
-59013446
-23263615
-19974643
-22258354
39614665
-14095976
-21356251
-61028004
-22953588
-55185301
-965303
58258441
-2405035
