-80259004
-512346
73110692
-4595483
-30999889
-95047254
-99673356
33615802
-86604611
-11817746
-98341417
-44373804
92249184
47057889
81646463
-74090681
-80494811
153759
-41920354
-78212557
-15764388
-60298691
-74341774
-13880207
-71344827
67143299
-41236273
98535648
-88724278
73278373
-3695731
34556944
-67234977
-35595852
-80442090
-60214847
91409266
44716183
-5379154
23798223
99422142
99023401
7698380
-34271919
-68372583
25689427
-29030139
11233889
-9904150
-23371401
49558926
57157769
-43345602
-51774025
32115027
14922729
-24305790
54607317
-10051862
74039167
31033257
78343527
-93354154
-71118750
62794506
19571327
-75558698
2192884
-36360391
-57691892
-53242628
14507824
14253137
-28957370
27598113
-10575848
95415162
-94610457
94968953
-91586283
91996913
69926116
-37764527
-44974512
-95941843
-74948910
-28875604
65435423
-64991293
-31886669
15961961
-35083979
76628563
5023701
13213836
-53985978
55866821
-5909520
29575606
67315675
-30032316
-57756560
-68727038
-13963558
-53672054
-21932637
56800366
-21277373
61482563
-53334568
33031139
95325470
24962584
-43972279
-3551237
54537707
-42075864
50137419
52015061
88707670
-69013833
-59088490
-89074722
69776751
82666866
-11375758
89092790
-42415665
57013548
39521859
40624211
4067854
26262748
22728135
32724225
-1534179
-18931297
-62274309
63789667
-59278976
-56940418
-66188804
90717697
-12691407
33945359
-64961032
80388255
-55057017
61345751
-21651811
39705114
76760961
8931547
-14030545
11423099
-941541
45375202
56377695
-63560805
29270751
8034903
-21220851
3636480
-54181697
-3304258
26157180
35871147
-74171124
-26429011
46420494
29934813
-19098832
83453693
-62568831
4076364
-64161018
47419775
715381
-87938138
-83021678
26066528
-61795756
88337855
-53870434
34067099
-3569475
90723412
19854245
74991314
-4922906
-81569262
-88915745
-32687953
-8869334
-73609110
-49546614
50426531
-91297459
88913703
-40501414
28517329
46630452
-54307567
17268126
-57301893
35198969
-76135719
-59545582
5321772
-6861229
-14322943
-89500471
51423214
-38907452
8129432
41762911
68180344
-68682646
-92484647
27309082
45133120
71549980
-27578603
-82898002
10923414
-18878476
12186283
-50480449
15110281
-21266068
-33423780
-44878155
59382866
73730512
-73551766
25104437
92080193
79780231
6186992
51485771
-93461995
-83532438
-16935034
-93069502
81434499
-930145
-57054277
67713848
47260417
-9504297
95181007
89469861
-45473110
-28286704
-28924315
-14231581
29289119
-16202785
-10460502
-588075
-47442939
82935650
98763190
54003148
24291419
44531563
-49575035
87148241
-57209808
-71033207
37359490
-71154178
-81920080
5506879
-61195965
48712785
-6638677
38290583
28370219
90779446
-86528317
43438948
-81474338
99558447
10244992
-33371641
89949405
-17060525
53866121
-3956393
-75261719
93518488
-55615225
31067563
90954007
-25712946
47776013
-78203208
-12377517
-67430234
-72676932
39146302
14888247
58684711
-13580531
-46858664
-12135913
-66046272
11075374
9434999
92681685
-22920730
67547258
94874410
83013159
99940214
82160074
95828429
64992674
14497011
35465134
-15503179
9223412
-31473553
-39610462
95034456
-87793730
87314377
-94691016
63409929
35583040
-42833164
77943055
24516291
12650743
52950656
92805277
34588690
8569164
6138572
67420252
-8371509
43739620
-3096196
-34228756
30083507
-94791917
-19851059
-60416755
3341048
369905
46925791
10538434
-64755782
-65243944
32367529
50758476
-13138036
-81545926
64734074
-51145738
84998666
-36101777
-45281016
64961215
-15416069
19190200
-35622065
-25209288
73230622
22138702
12626209
-56334144
-10746588
60944715
-79154174
-70683967
-50075005
-34694001
-6561844
70357200
-28208875
94475215
-90036829
-47092560
-21382849
-33127172
68315464
74453919
-86531667
-92993512
-639693
89120254
22643777
-60451789
-49716789
-68901474
41734548
-48963201
-89771411
-29496242
-97212574
99468996
47126214
-94741559
86007410
19266483
-90614722
-54318850
29063016
62037856
-63363227
36148858
-15260500
90727177
-61588018
97723560
17669991
-99984665
-35455043
86761511
-26008804
44517600
-37222745
8558930
45990941
-18823290
13406624
48084786
-12174235
53734712
-68094472
85079250
91261112
-81171343
-19184780
41292381
74163924
30968910
-81298550
-13483850
61555241
-85859849
-81840867
-60604072
-172154
76100220
-17113528
-56501205
-89368980
7961569
29981323
-65422087
75995161
6400547
-26202164
-77266233
18204059
-69676507
7236384
10154321
22891755
-88903941
93606114
34665941
-33849001
-62655630
76795282
20210206
43269688
-17566531
-95258401
-36665484
99333231
12711050
2915904
52675633
21616375
-70448955
-11962920
-17232314
-7664982
-59767384
14038002
48117032
-86688605
11433205
29772676
47373472
-74221954
-99242867
24704092
86299786
93579639
-42743341
-78751324
-22307596
29269346
45188323
-44687858
28944473
-77405500
-21031756
-91443600
46944957
-49006604
-18725235
56668434
969694
9866345
-18522196
-44323231
-236398
41777274
20521183
-3943255
91750286
-2146642
12816570
70588059
14671534
32633038
-71932814
-53420938
6033011
-82035926
88101885
-4702406
-50294363
-35909704
34999413
-23390744
94935087
-93665110
39989484
59308
36958378
81339768
-27134720
-52547041
29025906
-25980283
-69765279
42199374
66949011
93841249
61786806
-29708820
45398540
57647812
43463588
-34584209
6642682
18414382
81220841
22698016
-66975457
94298029
80011935
40567351
28800287
4603934
-41269124
-3751703
-56611787
5900621
95837174
-12326349
-23122160
-28096667
87193708
83937278
-31780490
-10659529
85097968
26847657
-38820256
-68360993
-42962555
52616911
36125583
-78078221
4358913
-26891197
58033102
-82769248
-54903282
27656133
5430292
-73261649
2610782
-4479254
-8098506
-93730866
67969688
-27662919
-72167789
22167405
26849136
-90904067
91847735
13560119
-9844641
