23273856
12142428
22476979
66971225
-5873450
18011806
-79360123
68681471
44603696
-44928469
60094239
91018464
-48126979
-62496144
-56343656
62208671
-20939043
26442307
-28681338
75720237
97748498
-92632384
-67249908
-51241072
-37237701
9892918
15105379
-93252696
41051311
-91136364
-10163963
41910255
-69051197
-86555989
36030162
22879143
28120649
21839501
78820138
-46296863
-96283353
68139235
44894097
-30517606
-47525271
-1577947
98059514
-43051063
-27156157
49289951
36369028
88505698
-47644282
-11247255
-75000
68372375
-2770287
13280273
7831180
14997913
68730673
84390436
-78411978
-62615796
-5063572
92265940
-83180378
-32047350
-66452558
-22982927
83828101
-8795216
-49146629
-26688078
-63418657
-98325070
11835962
-69073872
60663282
-44984133
-1515346
15275742
-79903585
-15407024
64289283
-50050687
78123664
-97167860
-54879413
52659173
76929908
-18266509
-50762137
90672024
-24432039
-64639052
50378124
-66361473
-9265513
-52141471
94530024
-39284996
-10131038
-43160642
-96050058
-11808849
6573919
42000645
-12319306
-42742168
-10997003
-83185866
23837492
-44236817
-30961464
-26626144
44028540
39441097
-69476501
-7337649
13017127
-18944056
-18512966
35265018
10595748
71996297
-2073508
-25752024
-2419410
95683725
-87504839
-93581121
39099807
-88856542
37511106
21927014
20368635
-57439835
-20293692
-69109027
25977817
62335976
-77692188
48560688
82571199
84546104
96625133
-4775129
-62354015
-4053138
59197314
-31228006
-70847027
-93468935
94365646
30011068
54629088
-24831672
-31536496
95919119
-75280336
61348431
89530304
-71065493
-70350284
-20335896
99198726
-53861304
-94141035
18723605
53177871
29673396
-36075096
-62217886
-9240824
-65459263
88931058
-12898988
-52325473
13547395
-65083855
-20331475
38160060
-5588337
-38620297
43022529
-73253550
38126381
64967546
-87092713
-75821936
3815775
-78989466
58309810
-34025687
-17863774
25423114
96116355
-8560405
40450170
-3066460
77930992
-99074560
67598285
-73841020
21158960
9904748
54339518
74311524
37030980
-68534564
60431393
60261406
46969693
-5982839
43213996
71801708
3503874
61809808
17963278
-53546017
-54997553
-14947619
-79614
-62967607
27115939
83611476
41086307
20727011
-32057297
-49113471
1843425
90331481
-31198017
-68048017
42566121
-76319675
16199741
-81489791
-52613191
88115770
-45463417
87990359
71089302
42198937
-72479079
42350868
72865840
3469962
-26029103
68486167
37983169
35128809
89589774
-15359238
44419668
20859448
14731566
79182311
-49067567
-72664006
-99260026
-31078206
-74395273
74492260
47805539
-42044674
-77984992
-77873952
-2361350
-13110815
-58251195
-73921988
-80778212
41374107
74895608
-1210337
79463309
75727417
-79304069
-97937391
-11867739
-80068138
12898036
-98089107
-58763058
-55901233
69896441
78667032
-20314783
91597464
29856500
37012892
24053446
-87529201
68697669
-77829948
84077366
44696804
-49699645
-93342428
-69091684
62467897
-53780300
82531184
78314337
44689669
19890444
46120968
-58257634
87344984
-12655190
58301206
-84719374
43230308
92374380
-96010289
19132262
94470771
25530040
17534438
-67569372
46833745
97694839
-12313907
-55570999
-32232972
55107440
-25813961
60286649
-8346096
50668935
2449220
-32356413
24430009
-3441268
-51049309
5026932
32947566
-36840687
-43442287
35512614
-50133885
-12335209
62171683
284062
66330146
-48309697
79851118
-86425844
24120493
-64297616
74287032
40889102
-85710411
-81234881
-71235092
-79479844
62154167
79331674
-83586457
16065746
-12731732
46453974
-56026179
13339231
-85214418
63779710
35737354
93198373
29284335
90701058
-21026423
6331831
4596278
-45389739
-45715969
-32531977
18073411
-22611125
-25515109
-69813691
24245489
16303841
-40875715
12875195
-3368744
15350568
30345467
-92203150
72277050
60131422
1544944
51241059
72957605
93372776
-2471024
59789313
-78147968
-83811818
80332921
-91337766
-49801452
-144108
-32051507
-61729947
-88911894
70171288
89371133
68487070
50521676
79123776
-97399549
-43969255
79474613
-59703720
43676653
-17133719
-27911177
91618497
12064231
-22949069
48703212
97800436
21590938
-92929425
-93962685
-32053951
-60689580
80742371
79761608
-43169040
34334462
-83025385
-39117000
-90467265
38780636
72368040
-26182056
-55340775
33627343
-53894646
-48316753
56640458
91630960
32234871
42238745
2389514
-23948860
613679
-89029762
5825913
21277379
61285316
-96356948
-81161472
88738802
-27633202
-78281661
-34627164
1219831
-91110008
27108842
35994949
51242495
61710390
-38350755
-44586128
39720620
-73484316
98840461
76731121
31971241
60396386
52283069
1787664
-93885856
-10913449
-13274627
36257647
70083812
-58858720
-42433468
67375229
30170487
31349236
-14487552
-66583519
-66460486
-79712801
-31368323
39350296
34830132
-19580708
18278201
-29093615
-52216193
-42725693
2035918
-56705022
-13350839
26081264
-13106411
87275088
-56121833
84641459
89624458
-29490143
56538010
-2058904
28288438
-33951110
-49239924
-54410428
-65444134
-30568939
40443330
61547834
81408831
-85229021
95521706
23099649
26288109
-49395551
72321359
-91013760
97228859
-36804332
-65421553
-70929466
-38873568
78155768
73761489
-77473509
3776042
74215876
-59646614
47944884
-16957869
-29734526
-86866290
-31222599
51099778
-21852552
-29966796
15347410
-43028836
-99781607
-42498951
-72754798
-34903514
-1484357
-65149094
32122883
65583167
98532489
80745863
63998080
36558679
54480214
79875026
-33900807
34521019
29345118
-41570779
76978632
-88380072
75623430
-52835957
86376045
70194357
15706980
73940508
-497607
44552219
64871840
-134082
-39946943
66625831
69586123
48034967
9026831
-67398268
24517145
75428102
-8627952
69486071
56278292
13552583
-74338481
-81027065
-87115755
-8680788
-3943728
40929272
-43735953
20284266
43156756
-97529333
3199884
-91083814
46522052
-52851666
-29216247
-76023360
35830905
92358953
-43020255
87038217
5333734
51519464
47831274
-28062075
73098743
36460277
-93751604
-82271532
47772770
-51774243
66877231
3436973
79199236
24049425
83429731
82887541
-98883761
50403777
-89108992
-70527479
-74233189
-96968182
22536352
-63679429
-85658269
72927281
-24958245
39506217
-27298835
-39047677
54120544
-51253375
-95304282
93957056
59441360
29019064
28908899
-50834597
6204409
-38314270
-23833118
99272286
-59170906
21462397
51393292
25439890
-85248600
48629222
-88338088
29808897
-50189259
-12226587
-62106979
-56750273
99870904
20878744
81830692
65926457
-79000028
79868073
80049835
90017373
-56049624
28352927
-78672830
-44017870
-72287391
-92566517
63304387
-21109907
-49983407
69710059
-94170586
-37271966
29234890
1841739
89072664
78354929
44503683
45672594
-41213495
81318456
-95855468
73732922
-59954629
22996598
94829378
-94531688
63923012
-55591713
-91100717
-15184451
-74516060
44157134
65578449
-77445186
-55721881
39431110
-7010810
36286369
-21761384
-20498724
29769261
63744279
12015895
68574336
-38463562
-83521661
-18469199
-30821087
4052840
-14023088
28569861
-39282684
98986230
78851096
14989345
-89887966
-61532101
62886311
19235649
16959502
-5476276
70546228
-56299074
-46599638
-40616424
-15894346
-43410942
69396799
5317870
-71326371
85382206
-45025091
-44486799
-67537230
44017464
-3174173
-32315806
97772548
28287022
-17087860
65707719
92237505
-84949967
-28541697
-56687524
-86825463
91505573
-52732559
-99743865
39837350
-19394442
56596686
-39578043
-50428424
42398935
-64739080
86980651
-7773400
-54492875
-48468859
-74811927
-21585132
58512829
4831446
-52494894
-95389891
18050541
83141715
-1182467
-14613780
92985932
67754749
-24446152
46447421
56485650
-51370770
78602123
52564661
72794478
-80551918
-65439611
-30360901
12375973
-1986690
-17856955
-85202173
17666458
19989669
-46693711
-32958112
-67223344
3745897
-5378874
25044071
42260326
-36183185
74512648
8088666
-13675452
-46975851
-66183941
35446506
-62384145
32717814
-89598834
38817859
-635596
8571897
-99761399
89038962
-35461608
81898904
-92083148
97592102
80579119
73480064
-99639439
-25728591
93989732
76923707
78677720
49437400
-85250959
-26250733
28686453
43915877
80660622
86396239
-78284126
-13530045
40257242
54974918
50642790
-37657334
-98148330
65052500
46398767
-7559705
22491870
-54557563
77467220
-97330349
21702226
7436548
-89945217
34530846
82157909
-24959614
-38456063
58682520
-41673866
-72058840
46492146
-536056
-50682900
-44128333
-89036466
-93123193
83928054
-42762878
63892819
77695436
88390512
-60896607
-627682
40438165
-63929911
-92559640
11188177
-5444461
-46998604
-28344332
-46489569
13459156
-7520097
-9808427
98457671
-92658217
-66421509
13293679
-71445732
10904845
75856884
42467685
98893462
27453251
-5803246
-53765220
81153020
-46521472
-21100937
51165738
36185084
81029396
-111677
-61400283
89260864
-86759168
7590150
94021796
-64547881
-93317574
32084922
25022228
-58592536
45319234
-10333427
-84223174
97934698
-60346333
93683460
60160057
-72711962
-91015827
25468878
-28336172
78958434
-76355543
91599999
98675845
-43440485
74242606
-14042675
-25842079
15795566
97758165
80923571
74687134
40527824
-24109104
80004948
-98134970
-79795301
34420785
55125098
