53770029
87968630
-84006478
63341919
-71613642
18967564
-56112856
-93486931
-90300317
23260346
-58749925
53923164
92038635
38386844
-80719676
-66535941
32345811
91941611
-62878861
-51881995
94211166
15408491
19322930
-71956926
-67467791
62261585
-229223
-54197649
-45283582
-16673225
11756816
90555744
-4923289
-32498084
-63425668
-3534814
-92806347
65613615
-29686829
-68446160
-62544064
73330281
-63021198
-77441207
26545773
22631520
5180863
7739805
-54797794
-49269141
-50799959
85952099
26321543
93106037
32107760
-70463759
-51261995
-62371163
-55952452
84743198
-75424839
90967687
39158515
-29344129
20099091
23984893
-17004477
-96457606
24094583
-26988540
-56825920
62114976
-68615746
-2141047
-37766076
49887888
66543737
-31909291
-94458676
54047110
-26017485
43057508
87629750
-18122486
85639303
-27929203
7139758
47412019
-46532032
72328388
64729386
-11695032
-72439642
-13858990
77197066
-1860411
-70261865
64414202
-5379649
9605931
-98776570
-60643463
81663033
14941864
88022581
93741409
-7505495
35565602
-91250666
36206119
-29514829
98106441
85200298
83294443
-33625715
91571773
47109052
-337691
88725841
13092044
47789191
83244330
-64330757
84548230
11655012
-4385907
15095951
-70923730
77689403
-5747382
14400965
15655554
32962779
-20053876
-49908743
69402130
32123937
-256365
-56357742
-20932511
6015846
-30691442
-65593478
15854707
-34016835
-25578722
14690350
49893967
-77509449
43431045
40613918
12844820
-53057487
26499746
60501365
81524155
34704168
75098792
18048369
30172108
57718916
55883227
17592181
-56506935
-43847630
-65920733
-39209263
22026836
58811349
-28712137
-34390141
80191288
-43755009
-95165788
57453167
-35934981
-22879461
-61916897
97873264
-94510195
-46223243
59066344
-41039178
58165132
50835504
-71524465
-46136516
-62916905
28403113
-81189279
-10860424
-51497911
42287012
17648893
-11197077
-78427350
-72879627
62519363
-84777683
16323934
38652733
41969489
72845782
-39230358
46515635
-18054046
96404947
92901494
12567227
71575843
-82758629
-19492738
-26070093
84330498
-42710309
45790361
-39199246
3814631
-31888081
-36659085
-24616155
85596512
42939632
32968435
-31867945
-59143431
-33079613
-95942353
5991081
-97152749
53469107
65403524
53545284
-56819074
91130370
-66135623
35012160
78560323
49048489
-43433180
50052328
5561881
-32858334
-81829479
27289545
66145105
-28735862
30450319
-91488052
54148544
47445564
-10542189
-73956272
-22101903
-67482413
90457381
63993680
-21896677
12993045
20340232
-24527507
25041235
33906871
-69224450
38052114
-56572988
54844458
-33527698
-51336114
47325124
-85916829
38381810
-47529041
1907842
28118717
97903985
56187121
-16207625
-92016544
-45330403
94146345
-28781659
43186762
-4375470
-26414972
9146477
87191801
-49805534
39249811
1093621
-70424090
-13721475
-18560410
68840355
-98169608
-81480004
-3484340
-75507226
-21349559
54672459
51254146
30171167
-47168688
66696742
-48968900
-61715134
-42284907
14273407
77417475
64460972
42279911
86535707
65734481
26693288
8776670
14613630
90576167
-6600113
84659827
-33677747
-71865879
2533697
99293084
83534967
6226321
-37059353
65217926
25329303
-36550546
-75261263
-16984894
-35067370
13941480
-23358202
76464017
-84441388
-16876969
-57267279
-16973933
89994640
-18965735
41034994
66400360
88205885
47723818
-66430962
62034947
-56863799
33086139
57839071
-69914969
-9367529
-31745993
90572878
27220695
-62852253
6850396
77369484
-19968169
-4811525
-39437787
50414958
-16723835
-64943239
17087063
51294806
74033406
45387844
30195916
5359773
97364451
-68840471
-8127001
58429274
50471787
30422789
32444759
-13504373
54398087
20853552
31063630
-17115666
-20535469
-59290020
-488106
-97104493
-38424131
-40430083
-74000458
-59606279
-68810382
95118324
36861997
39834024
12373879
-22131610
-44991068
-62730314
9471871
-47181625
-86954308
91096625
-60020707
-95243067
79376277
73919123
-95420773
96021218
-94837279
-56934050
-56236950
62020567
81817124
-34620472
40134923
-57848781
34990412
49689712
78537328
42156657
1831377
-11097007
-37873405
-55403929
94793117
36546329
-78353914
-44319711
54320704
63175568
-3459961
-64080933
-76211741
43939206
24794867
-74741071
-86489108
44723632
-52354868
-10354978
-80543288
75836412
-26686092
-8659340
32834079
15890434
11529965
16222083
-44946428
26870428
-6442198
-33290051
-37852979
-3195298
-8809005
-72349293
-70626636
-50532273
-90897707
-80221353
44662318
92706995
-10481805
71614955
-65943709
76552130
-45112357
74030590
-7779529
82318987
-60011987
-66539006
48077670
-14258466
86735548
76857743
-99662016
-83695456
-82978394
78160104
-21252586
86921740
28225393
52804456
54322568
-76678573
-75363989
-85254173
-36547928
66461246
19528475
60843839
67767499
18335125
-60307920
73743192
-61750395
-94049081
-1226389
63160727
47108002
85968387
-38131213
56765333
-91173575
73333601
28692363
90391687
50733273
86666802
12353540
87828357
-55291081
38795778
-45165580
84313725
-75978300
-39818185
47526745
40566773
-13910178
-39116793
55374734
-97671667
79996850
97229577
33567456
-99822857
77956673
59471586
-88584146
-62517615
96851259
98072616
-42443354
73952148
-25487086
718366
49641320
-82796233
-75580165
-43822676
-52927002
4115232
-88091141
-47736494
-14651910
-36937928
60394357
-76723295
-20102802
-76886346
-33904345
-81485319
-2529698
15847395
-31596451
54270302
88700152
-92213136
-61642597
27393086
-47828771
-99891095
32216391
75484980
89209031
91691332
-62823313
22946609
-63750021
82735764
-8183555
61237017
44174980
-91783997
-2369839
95432966
-92828775
-25789942
73280291
-75113613
78588533
-98227116
-30082075
57697908
-77072237
-4380973
-99899146
50943254
-75320736
-75261426
10873918
64798817
29578233
81331089
81214003
22824983
61808213
36919743
8818977
-64636212
-72006599
958880
44552842
20625980
-19337781
9244226
-28049779
-50434042
-46465508
