-32856299
14426828
-43596820
63746239
-33487158
-64092753
-10217330
-53819817
-77109075
-32296838
-5073952
-24574901
-83101352
-19196647
-83171112
51863455
-6388148
8866032
10218274
12444973
-88349928
19453813
-65841541
64780150
-54877535
24456354
89762675
55813647
59152277
-24672179
16358197
13439047
38960646
-11234840
50177433
-63076990
60216346
64097540
34562438
7347554
29661125
-57644901
29260115
23927980
-71880511
-30825030
62727618
-44671287
22217360
-9279902
24779489
71005350
-16461983
7150078
85296999
91605485
65288170
980669
-42033645
32842699
54329232
54770524
9823906
-58117189
38408184
75812862
17366200
-45098076
-85601175
-76780673
-19258607
34531994
-86291131
-53255002
-34011942
98021754
-5530970
-52810783
40418008
52045357
12558755
-10537255
49359100
-31009919
58342664
-9872976
65899470
62509841
71278265
-9400744
-35239734
-4117308
59488996
-78953921
83035006
55568450
-30457939
19656980
-66702093
-37184395
-23299294
-43092864
91406934
-58808182
54302887
-23969304
66785318
9217286
53955904
-78549694
74384399
-70062149
2024982
75528221
8542660
-63085535
24503299
-85750328
31217018
-80306183
47901889
97390573
-23135866
-22586737
44573642
-56008718
-81613480
-89934235
-23801388
-18296995
-8282193
27722417
-10490090
-68190803
-93961461
86898756
10628629
-81030870
17276245
33078519
-7367464
59220387
-86203646
93621299
-67056781
4921915
24442745
-86697761
67221092
-66427744
77956334
31313254
-86071548
-50648163
-80884452
79925214
-56106379
21592109
50792244
34568522
62176978
-52521743
54544715
42888852
-39543146
-11827178
77767852
12919304
-67546146
5703288
-68787635
92805300
1522640
-1888315
18983809
-17049337
45227000
99646099
-58350905
-13576113
21157618
-89026362
59773849
69728484
44367316
-77951123
13148232
-66991861
62136835
-57515176
-90351414
22077421
-7507132
76085682
31998129
86828346
-37730437
50517847
-54283167
-13634898
-57920281
57868549
-70022102
-29159831
90463460
24643856
58370295
67136229
-24156649
-33194416
-89816150
-5757849
-3562904
37603134
-10485113
-22948074
-87771536
-79000731
50837142
63531351
-52432396
-38091575
99704972
-3843686
8815996
50445379
97314064
-43712116
-78057392
85034383
-68074439
89506060
-34929679
-89696866
-83196127
84263062
40850358
9546415
29029379
87366242
13598412
39413344
-99633970
-639818
94020664
-18862727
20084996
-68466351
71914072
79084222
-28759585
19138524
64778951
17206210
-29723062
-44141030
77686314
-70390821
32369983
-67702648
-39379139
435940
35221872
88967031
89049866
26264877
-79044119
25781475
-23981649
-58840671
-49000888
35795575
8507726
-54157513
27834023
-70193312
89258339
-82255533
89814699
-6338409
-52284356
30083439
-55963001
-53520355
-15011777
51618766
50077183
-54858002
63025480
46251786
69196674
-72510209
215845
27303059
46859230
50900074
-90715606
-92861736
5973234
-84162648
-76896426
52300239
8816568
86269212
66184368
-5034061
77737904
-54014435
49592586
-62563355
60763995
85587142
-66680706
-2978004
23136346
-48241705
54347452
35015090
-98212418
20823073
81402980
55385712
-57250519
40437652
-86016812
63845553
38208405
92356616
64980756
-93595735
97968246
87264787
-37494826
-34493844
98413518
5679878
24166185
31134459
92880577
17378076
52081744
22217229
-5834682
-16420823
46208537
56981929
99523941
71737278
-53774195
-69265127
-95810245
57158476
35386116
62707279
-55547629
22577244
-17499363
-49168456
13129795
17101858
-57272915
89650063
-88051619
84626494
54237966
-53439452
-47468516
5255038
92480789
-5986596
-95539373
37434138
-71888793
-26804010
55429024
97142250
-10982568
57214603
-37895418
30138889
-31459724
65152920
74781086
-7032347
-67616268
65553271
4285581
37466811
-60950600
61049603
80692195
-73712360
-10338208
59783000
-50740386
-70177793
68689434
-72270482
-61291712
-26955053
68999725
44712189
-96545491
-39832741
46746855
81574236
38886217
33317106
87663590
-49838769
16009869
-81989208
-87445879
-23351085
47078617
176094
53517720
45175368
45377473
-7502442
-12818298
-6291767
-99279558
-43007105
-44602333
-60792319
-90352420
-21301941
68206389
-81380596
-32577230
98937496
5673050
23239860
86608114
-53985462
-63628524
21696651
-94670059
43603100
57524506
-12737339
-90755696
25589645
-4821398
14034286
-77254384
-7785984
88342273
61865610
-93054624
29154592
-45096568
-89903065
-75753138
34657027
-39717327
13650421
56583519
-45740476
67366456
-7444112
-70424060
-85834406
79547502
-71139569
-74797968
34378681
-92453680
46935445
74799174
30039086
-3922181
34767553
47922208
26432406
-68102148
-46166090
60624520
-23371820
36087046
76701602
-51295353
67035122
-99794793
54480955
40818978
-53872217
59650364
80310171
-81082993
-56077282
-36821018
-85736220
28371477
53366357
94900815
-70784942
50633526
7330504
-44495333
12300303
58199262
-47025581
88508256
22616184
-1523336
68524341
-82665417
-49784639
64275472
-84058032
-91183433
18293728
11393425
-60501780
49803390
-22919524
-9316165
-29799017
25666262
18789892
-1372935
37223049
50453666
-63260695
-71271908
-13322594
-35749430
41571346
44789293
-97715802
-25249539
76519525
-99141521
-21926602
-82680771
-46607697
-49732810
29162606
65430306
86248389
26650826
24167631
24868926
-53604451
-85274620
-96520682
-12049615
-37744632
12585547
-7157062
-62439400
-1341932
-84748664
95111612
6930428
-80999173
-7568426
49498753
63798866
28581992
92914942
52310834
58209696
-87177603
35613499
3804938
-24422580
-89933774
-87890853
-2928721
8476305
-65228992
83549744
-96203600
20950461
89034267
-43162424
-22386492
-9709727
35352481
77294838
-87860017
84215552
-78101494
42824433
7409972
-76398490
91104307
-52138947
-87242581
-62232131
-95045246
19682460
-51229779
-43957129
91064070
-89379528
86418332
76327762
67318313
-33360918
-96500854
-9244032
-80005685
35564219
92361354
-29102427
41308288
-88134882
-55117452
28720193
33407395
2275780
84706561
-39296977
-41418973
-28830953
-26656124
3384672
39916549
-27050219
70675821
-94223742
-379520
-54335314
78585189
-76836355
-58529285
-8078561
2407048
63292107
70883464
-93695822
-54783042
63977618
37327689
-70649619
-52714794
38779107
-28352469
5907931
-30970274
-8888447
-20863225
85858959
-98543807
-18783949
-89052249
4073091
-36194512
-34442228
