-28192394
70939272
66535823
-64795999
-61476098
28296899
-74801786
69383805
-96181417
-74845054
-75014593
80813017
-37205236
-46966572
9314946
-49698126
-55935164
-57910113
26793301
40749760
42195871
26747292
-53317951
-50471773
-70356689
-48022566
-67661592
-6216728
-91757887
-65884253
6159317
62643548
68230622
83278233
26139712
-51327871
-41683421
-96529504
-11048004
61103315
-3337299
66174979
60157899
-11368765
-76367091
-67849183
-31118353
-12059155
70149530
-32257983
-29630252
-66421927
67781339
36508286
-82540755
-59529113
-53115194
-85807735
-1565863
-75301180
75207372
-29587847
-84119045
11549269
-14598906
-50069901
-52070830
-79406566
-73514398
-65825918
-12214440
41337977
81602563
-5866294
78971756
-94481629
21745822
-63771027
55984958
-18082743
25420200
1826626
36936200
94753989
28130661
48891153
30853025
35785719
57319050
-67162232
18044299
22368360
-5877538
-21060311
69398319
-14600962
-41608466
2054238
56176328
-1035902
42888250
23322339
82826216
-8229034
-43337039
88974669
-62790756
79212606
93280402
952225
1415755
-78812787
69782761
-40824392
64664032
46460587
-72267181
58677090
-50176341
-52489415
53334032
32651195
-62092701
70511034
84824240
49327449
81195704
-15965354
20080787
-21014019
64305642
68785534
-83717712
92635336
94819516
3428386
24779534
-29638675
77455712
65621353
-65662966
-18862894
10977964
-46225440
88093859
54885411
7670138
68202347
68958798
34014138
24657634
36833901
63399122
-60347978
98321955
-63898690
-55866710
19531439
-34914681
-24048691
53542756
-51071873
-71859280
82102188
-61829456
37603293
-715587
30152800
53820555
-75899808
41197027
-238677
76589868
-13887303
-16515706
-81586879
33771860
-98971926
-17672027
40689121
-79934024
-74486890
-50506359
61265083
-23277672
-84383712
-50598037
-82943197
-69618582
83050909
-94930337
16584538
47342626
-26948701
21474211
-45997458
97074357
88055604
26633
63764844
34310848
38795509
-25250901
-32445413
1637320
-20938236
-2802961
-26480636
-26636482
49809325
-9117529
35469388
98241720
5824132
20925811
46227173
-76595552
-85678679
31663943
-60225611
89500324
-68656162
-88347393
40119926
-85919391
-76042587
-76542106
-53342875
12792204
-60402211
99424879
-59095851
-97721345
-44436830
40875844
8909177
69854626
63749221
92046944
-63121316
27033055
-88530036
1624645
-37337684
60209492
25346302
44647370
-12315731
-29065480
-83504797
53617412
95604791
75732574
64680564
-20273862
98820045
-7483963
-74540426
-69868122
16642193
-4226396
66562198
-12011125
717849
14015008
-37933822
73765153
-57244913
57381540
88104966
-72206413
9064824
-28327974
-22217863
5008297
67991994
42925531
-67296198
86522294
30996791
77366402
-59894137
-2611107
42581629
-92150961
8670858
21862043
-88901563
10690778
78011894
30732368
72708620
83797363
-63851690
-35316049
-62626077
26592484
50521765
72716271
30222596
-91228995
-78770717
-39374146
97392509
-71162404
-94073390
37185979
-88040116
6422476
-82775813
5593215
-47522559
-97445600
-16954608
77655434
49401979
54635091
-10203109
13911480
71807618
59152140
-74899364
97710644
15777012
31065946
76799377
68233150
-55002033
-43938148
-45816549
-27133181
61147935
-67377861
88608043
-72482251
7485288
95294706
85053614
67533500
42554777
-71030834
-89845847
20407568
73631202
-36541080
46954688
-14502905
20305866
36266606
99425454
-25477729
-93878720
53776809
61760876
59491129
-51616460
40876339
35112951
-45863644
79392161
7841460
-41224199
-67563393
61930898
-21644261
68379939
-46277096
-2635863
-84277064
32377369
-74243385
-71305675
-8666667
79600342
-3248117
90652729
-34924403
12281741
44328127
218784
12576939
44385415
73197172
-87425211
-19654426
45856127
90764499
79241040
-98279387
-62657547
70408639
-52455100
-22095251
91104419
-84404456
-55319563
81485171
67812909
-3159573
98945632
-65624854
-65802279
-8114089
86781834
-82512096
79396041
-63899286
14407175
40711200
33665965
77925445
13934398
60778575
42747308
67281916
-76493919
24996461
42890538
56796269
70626387
-82715078
25557381
-60408504
-84597135
-21254246
-94192854
86561137
-74578269
4037327
-96038986
-71318799
-98339542
-93455546
-19921747
20889374
47396583
-69038714
14475865
-92608886
-85657383
-82356751
74486730
-15162570
-92176672
-99135015
-77135838
-49653955
-44178973
-57135977
7214222
51047082
9015491
73689785
25211856
-94173577
-87844418
-9420234
13485225
25688489
12142752
91669579
-33736455
39142761
1002133
-88002372
35103229
42983151
70177532
59132117
43212019
42203472
47297856
-19334327
60762425
-45215499
-73524183
55349551
50820521
-27888429
-10956485
41159747
69596127
-98308698
70594961
-66084301
56662590
46467940
5110205
-57120424
40553504
-55251178
84285439
50626649
-68092063
64581210
65612330
-65243114
-94402506
-53261654
486690
-1971775
62382
-18849002
43559091
24279544
-67117040
-24845644
-24162008
30884299
-70454727
-43857369
-60866557
42777572
-11214662
37269848
64356031
-27147475
-51053565
9279139
39385261
782514
93282935
-96257645
-29523566
-18294441
89896605
2391620
-16240690
92807622
4651121
96539252
-97501308
-14274915
-5735857
-55833659
56796003
23484732
-25976652
72016849
87141581
22966701
754880
-30103933
-68296011
-9502237
2458916
63438357
-21505437
87353635
-13630050
49040888
13830386
-98097965
52873968
22732542
-50364130
-97913945
19489939
-45495818
74640080
89281668
-86313657
-13369928
14861631
-14840408
-92666914
30151741
20607519
48082995
-28662782
-34938867
16776311
-83210994
-24243201
-32292273
82734664
4886946
15581318
-56695937
84841642
-21145462
77644701
78199169
2660153
-92273637
32113177
89535212
52270667
23411691
98089489
-34058858
9656109
30335790
24295032
-60667931
8659750
94161502
-76981096
-96755395
2389843
-93134975
77541776
11881212
21829669
34682943
92291389
-41624655
59369978
66484621
40875789
-14794485
94684783
-6351753
-37255198
-6303819
-36727020
42156176
96459148
64609532
-88479118
-73467857
-61473710
76335353
40090557
93951190
-58180496
-92377401
1448077
-17550130
-320632
-24141154
-37002627
98211926
-20891263
26197203
-20604668
43773480
-98303748
-19625128
-46226907
-38197137
-84183125
53738954
45596705
-18085
-42092918
62353962
-85765233
78203524
50813521
87376129
-35641710
-64955970
-38477893
8486401
-87338878
13585097
-77281344
-11027366
75216917
-53576766
68348976
-10917581
-90642222
-45750806
-25157161
7214526
22560839
28796025
58904075
-61472519
-624793
-16527072
-48794099
-66741356
82706714
-34833241
88216018
-19404026
30878402
112716
-40179329
91369347
-31542636
34077258
-46935947
-67005596
96836164
-50218308
-98998892
-81685229
46215796
295272
27785375
97868821
21898
-75391296
-66661867
-82913536
-87365896
-27075001
18304763
-3276314
-64523855
-48577366
-93730153
-77659480
82648250
-32812319
20610517
87936672
59319393
-11505828
33045420
85121118
-39806615
37454797
83232385
-5651587
-98012574
14934848
24578257
18347458
-5103077
99777775
-23382976
-72470987
3854171
87462555
-6472711
-27703555
-55473619
-36072300
-73869964
16143670
56714519
55826926
-70325138
-91465411
-46499736
-88904921
-17988441
-23878612
-60586008
92763907
22275338
-35008143
57324904
29703652
-40332444
-57094810
-68624580
-16721186
13436394
-25763221
55879370
-88989486
87692970
-8753
-35979894
-30644010
-44895450
-18657476
-40934307
-39959176
-57554432
12069598
57246438
-83875248
-44236463
16198481
29212409
2911701
-63968048
-51321223
38641211
85970401
-40219335
-83281090
83084645
61685858
9188463
94299664
-94813073
84102698
48020395
-68572379
35543969
22290214
-44222849
-4883843
88572119
44135896
-1899501
-70711249
-74414874
37554456
-25947294
50668655
-20299977
-99538990
73665794
-72942818
-99945915
53140080
73480852
-52554433
-12173049
50898473
52540251
-91206635
44786640
-98265137
13104638
-76011839
20980065
98983437
20059433
63339098
19256140
5632977
-13677069
-47681647
-44887598
53896463
66938427
-98971840
85065730
62791146
10578508
24859362
82435884
9492285
93740942
-35715094
-1857890
-41176044
79524862
-26965498
-93906904
74064274
-73312391
-80511324
19715871
-40076283
11944024
-65776035
33271813
46159525
87483471
-53932671
-65849669
-78802988
64822199
3722039
-57665066
87559018
-15417890
-59158739
-74012120
27498038
-66027398
8164179
-96574384
-59983603
-77659165
-41808033
3023813
60474679
16180217
-20866579
-18907915
-92132272
61190628
-48081396
-5146479
68819218
-68464132
25904145
35015677
-77587055
-95192853
69667244
-61157210
-72627452
65849628
31091372
-67093545
-57422181
9013835
40039244
32179998
-64601845
-50668222
66241085
-55301387
-55623393
-30352490
-49536343
-24638393
86285765
-62897315
71533632
-92530936
-28247090
28673464
82629688
-31544580
-66024036
-51630758
-15309170
-22155772
-60915067
-42267411
-62742440
89383519
-64843236
-56793181
-22667194
61786422
22874328
-19949703
23174950
39335410
-25382843
90665955
-7261915
94131088
-17486621
785396
93305260
78457427
16415190
96574260
-71827831
-83233398
-85106355
-53932395
-20940890
-53787915
94229853
69050041
-10975934
-2647907
-36391365
-32055732
12104721
-6228625
-62144290
-45037162
-98522078
-15330133
42211267
27821504
-2707236
99166297
-23367425
59579750
55010146
-1334611
81275605
-67048424
18672804
-86883607
-1594207
48420200
